Kata,Frekuensi_AI,Frekuensi_NonAI,Selisih,rasio_bobot_kata
absen,0,1,-1,0.16176470588235295
abstrak,0,1,-1,0.16176470588235295
absurdnya,1,0,1,0.17647058823529413
acara,4,2,2,0.18382352941176472
acaraacara,1,0,1,0.17647058823529413
achmad,1,0,1,0.17647058823529413
adahala,0,1,-1,0.16176470588235295
adaptasi,2,1,1,0.17647058823529413
adat,3,1,2,0.18382352941176472
adik,2,0,2,0.18382352941176472
adikadiknya,0,1,-1,0.16176470588235295
adjective,1,4,-3,0.14705882352941177
adjektiva,19,3,16,0.2867647058823529
adrenalin,1,0,1,0.17647058823529413
aduk,5,4,1,0.17647058823529413
afiat,0,1,-1,0.16176470588235295
agama,0,1,-1,0.16176470588235295
agustus,24,13,11,0.25
ahli,0,1,-1,0.16176470588235295
ahmad,1,0,1,0.17647058823529413
ai,7,10,-3,0.14705882352941177
ainonai,1,0,1,0.17647058823529413
air,18,6,12,0.25735294117647056
aja,0,1,-1,0.16176470588235295
ajang,0,1,-1,0.16176470588235295
akademik,11,1,10,0.2426470588235294
akademis,2,0,2,0.18382352941176472
akal,14,5,9,0.23529411764705882
akhirakhir,1,0,1,0.17647058823529413
akhiran,0,1,-1,0.16176470588235295
akibat,6,0,6,0.21323529411764705
akima,0,1,-1,0.16176470588235295
akreditasi,0,3,-3,0.14705882352941177
aksi,2,2,0,0.16911764705882354
aktif,1,1,0,0.16911764705882354
aktivitas,14,5,9,0.23529411764705882
akurasi,1,0,1,0.17647058823529413
akurat,4,2,2,0.18382352941176472
al,0,9,-9,0.10294117647058823
alam,1,6,-5,0.1323529411764706
alamat,1,1,0,0.16911764705882354
alami,24,10,14,0.27205882352941174
alasan,0,2,-2,0.15441176470588236
alasannya,1,1,0,0.16911764705882354
alat,10,3,7,0.22058823529411764
algoritma,5,1,4,0.19852941176470587
alihalih,3,0,3,0.19117647058823528
allah,0,5,-5,0.1323529411764706
allhamdulilah,0,1,-1,0.16176470588235295
alternatif,0,1,-1,0.16176470588235295
amalia,0,1,-1,0.16176470588235295
aman,1,0,1,0.17647058823529413
ambang,1,0,1,0.17647058823529413
ambil,3,0,3,0.19117647058823528
ambisi,1,0,1,0.17647058823529413
amin,0,1,-1,0.16176470588235295
amonia,7,0,7,0.22058823529411764
ana,0,1,-1,0.16176470588235295
anak,7,4,3,0.19117647058823528
analis,2,0,2,0.18382352941176472
analisis,13,3,10,0.2426470588235294
analysis,1,2,-1,0.16176470588235295
ancaman,1,0,1,0.17647058823529413
aneh,0,1,-1,0.16176470588235295
anganangan,1,0,1,0.17647058823529413
anggota,8,0,8,0.22794117647058823
angin,1,0,1,0.17647058823529413
angka,2,2,0,0.16911764705882354
ani,0,1,-1,0.16176470588235295
animalia,0,2,-2,0.15441176470588236
antarindividu,1,0,1,0.17647058823529413
antibiotik,6,5,1,0.17647058823529413
antusias,1,1,0,0.16911764705882354
anut,1,0,1,0.17647058823529413
anyaman,0,3,-3,0.14705882352941177
apaa,0,1,-1,0.16176470588235295
apapun,0,1,-1,0.16176470588235295
api,2,0,2,0.18382352941176472
aplikasi,1,0,1,0.17647058823529413
apollo,1,1,0,0.16911764705882354
area,3,9,-6,0.125
argumentasi,1,0,1,0.17647058823529413
arsitektur,0,1,-1,0.16176470588235295
arsyad,0,2,-2,0.15441176470588236
arti,1,3,-2,0.15441176470588236
artificial,1,1,0,0.16911764705882354
artikel,0,1,-1,0.16176470588235295
artistik,1,0,1,0.17647058823529413
asam,96,41,55,0.5735294117647058
asbakasbak,0,1,-1,0.16176470588235295
aseksual,1,0,1,0.17647058823529413
asetat,2,0,2,0.18382352941176472
asia,33,19,14,0.27205882352941174
asin,0,1,-1,0.16176470588235295
asing,3,1,2,0.18382352941176472
asisten,2,2,0,0.16911764705882354
aspek,16,5,11,0.25
asri,0,1,-1,0.16176470588235295
assalamualaikum,0,1,-1,0.16176470588235295
astawa,0,1,-1,0.16176470588235295
astronomis,4,2,2,0.18382352941176472
astronot,1,1,0,0.16911764705882354
asyifa,0,1,-1,0.16176470588235295
asyik,0,1,-1,0.16176470588235295
atbm,0,1,-1,0.16176470588235295
atribut,0,1,-1,0.16176470588235295
australia,21,16,5,0.20588235294117646
avilscastillo,0,1,-1,0.16176470588235295
ayah,2,3,-1,0.16176470588235295
ayahku,0,1,-1,0.16176470588235295
ayahnya,1,6,-5,0.1323529411764706
ayakashi,0,1,-1,0.16176470588235295
ayalachauvin,0,1,-1,0.16176470588235295
ayam,5,0,5,0.20588235294117646
ayat,0,3,-3,0.14705882352941177
babak,4,0,4,0.19852941176470587
babbab,0,1,-1,0.16176470588235295
baca,1,2,-1,0.16176470588235295
badan,2,2,0,0.16911764705882354
bag,1,0,1,0.17647058823529413
bagianbagian,2,0,2,0.18382352941176472
bagus,1,0,1,0.17647058823529413
bahagia,40,32,8,0.22794117647058823
bahagiaa,0,1,-1,0.16176470588235295
bahagiakarena,0,1,-1,0.16176470588235295
bahagialalu,0,1,-1,0.16176470588235295
bahan,31,21,10,0.2426470588235294
bahasa,8,14,-6,0.125
bahasanya,0,1,-1,0.16176470588235295
bahu,1,0,1,0.17647058823529413
baja,1,0,1,0.17647058823529413
baju,0,1,-1,0.16176470588235295
bakar,1,2,-1,0.16176470588235295
bakso,0,1,-1,0.16176470588235295
bakteri,72,27,45,0.5
baku,16,3,13,0.2647058823529412
bakul,0,1,-1,0.16176470588235295
bakunya,10,9,1,0.17647058823529413
balas,0,1,-1,0.16176470588235295
bali,2,0,2,0.18382352941176472
bambu,0,4,-4,0.13970588235294118
bandung,0,1,-1,0.16176470588235295
banget,0,4,-4,0.13970588235294118
bangga,22,4,18,0.3014705882352941
banggabersyukurdan,0,1,-1,0.16176470588235295
banggakan,0,1,-1,0.16176470588235295
banggasenang,0,1,-1,0.16176470588235295
bangku,0,1,-1,0.16176470588235295
bangsa,14,1,13,0.2647058823529412
bangun,2,0,2,0.18382352941176472
bantu,2,0,2,0.18382352941176472
bantuan,2,5,-3,0.14705882352941177
banyaknya,1,2,-1,0.16176470588235295
bar,0,1,-1,0.16176470588235295
barang,2,0,2,0.18382352941176472
barangbarang,1,0,1,0.17647058823529413
barat,3,5,-2,0.15441176470588236
bareng,0,2,-2,0.15441176470588236
basa,48,38,10,0.2426470588235294
basi,0,1,-1,0.16176470588235295
basuh,1,0,1,0.17647058823529413
batak,1,7,-6,0.125
batang,2,0,2,0.18382352941176472
batas,1,0,1,0.17647058823529413
batasnya,1,0,1,0.17647058823529413
batik,52,17,35,0.4264705882352941
batin,4,0,4,0.19852941176470587
batu,29,31,-2,0.15441176470588236
batutambun,0,1,-1,0.16176470588235295
bayak,0,1,-1,0.16176470588235295
bayangkan,1,0,1,0.17647058823529413
beasiswa,1,0,1,0.17647058823529413
beban,6,0,6,0.21323529411764705
bebas,3,0,3,0.19117647058823528
beda,0,3,-3,0.14705882352941177
begadang,0,1,-1,0.16176470588235295
bekal,1,0,1,0.17647058823529413
belajar,45,10,35,0.4264705882352941
belanda,9,6,3,0.19117647058823528
belanja,0,1,-1,0.16176470588235295
belas,3,4,-1,0.16176470588235295
belasungkawa,6,1,5,0.20588235294117646
beli,0,1,-1,0.16176470588235295
beliin,0,1,-1,0.16176470588235295
bell,0,1,-1,0.16176470588235295
benang,9,7,2,0.18382352941176472
benangbenang,1,0,1,0.17647058823529413
benarbenar,21,3,18,0.3014705882352941
bencana,0,10,-10,0.09558823529411764
benda,128,91,37,0.4411764705882353
bendabatu,1,0,1,0.17647058823529413
bendabenda,0,1,-1,0.16176470588235295
bendera,0,1,-1,0.16176470588235295
beneran,0,1,-1,0.16176470588235295
benerbener,0,2,-2,0.15441176470588236
bensin,3,0,3,0.19117647058823528
bentuk,20,10,10,0.2426470588235294
bentukbentuk,0,3,-3,0.14705882352941177
bentuknya,4,1,3,0.19117647058823528
benua,35,37,-2,0.15441176470588236
ber,1,0,1,0.17647058823529413
berabadabad,1,0,1,0.17647058823529413
beradaptasi,40,7,33,0.4117647058823529
beragam,1,3,-2,0.15441176470588236
berakal,0,3,-3,0.14705882352941177
berakreditasi,1,0,1,0.17647058823529413
beraktivitas,0,2,-2,0.15441176470588236
berangkat,1,0,1,0.17647058823529413
berani,1,2,-1,0.16176470588235295
beranjak,1,0,1,0.17647058823529413
berantakan,0,1,-1,0.16176470588235295
berapi,3,0,3,0.19117647058823528
berasa,0,1,-1,0.16176470588235295
berasal,8,3,5,0.20588235294117646
berat,6,2,4,0.19852941176470587
beratnya,1,0,1,0.17647058823529413
beratus,2,0,2,0.18382352941176472
berbagi,25,0,25,0.35294117647058826
berbahagia,0,1,-1,0.16176470588235295
berbahasa,1,0,1,0.17647058823529413
berbahaya,1,0,1,0.17647058823529413
berbasis,4,1,3,0.19117647058823528
berbatasan,0,2,-2,0.15441176470588236
berbeda,11,9,2,0.18382352941176472
berbedabeda,1,0,1,0.17647058823529413
berbelit,0,1,-1,0.16176470588235295
berbentuk,1,1,0,0.16911764705882354
berbicara,14,2,12,0.25735294117647056
berbincang,4,0,4,0.19852941176470587
berbudi,0,1,-1,0.16176470588235295
berbulanbulan,1,0,1,0.17647058823529413
bercakapcakap,1,0,1,0.17647058823529413
bercampur,1,1,0,0.16911764705882354
bercanda,3,0,3,0.19117647058823528
berdamai,1,0,1,0.17647058823529413
berdampingan,0,1,-1,0.16176470588235295
berdasarkan,4,8,-4,0.13970588235294118
berdaulat,9,0,9,0.23529411764705882
berdiri,1,0,1,0.17647058823529413
berdirinya,8,1,7,0.22058823529411764
berdiskusi,5,0,5,0.20588235294117646
berdoa,0,3,-3,0.14705882352941177
berdua,2,0,2,0.18382352941176472
berduka,5,3,2,0.18382352941176472
bereaksi,2,0,2,0.18382352941176472
berempati,2,1,1,0.17647058823529413
bereplikasi,2,0,2,0.18382352941176472
bereproduksi,1,1,0,0.16911764705882354
berevolusi,1,0,1,0.17647058823529413
berfikir,0,1,-1,0.16176470588235295
berfoto,1,0,1,0.17647058823529413
bergabung,1,1,0,0.16911764705882354
bergantian,1,0,1,0.17647058823529413
bergantung,2,1,1,0.17647058823529413
bergerak,1,0,1,0.17647058823529413
berguna,4,0,4,0.19852941176470587
berharga,8,1,7,0.22058823529411764
berhasil,9,2,7,0.22058823529411764
berhenti,9,0,9,0.23529411764705882
beringin,0,2,-2,0.15441176470588236
berinovasi,4,0,4,0.19852941176470587
berinteraksi,20,2,18,0.3014705882352941
berisi,1,0,1,0.17647058823529413
berisik,1,0,1,0.17647058823529413
beristirahat,1,0,1,0.17647058823529413
berita,1,1,0,0.16911764705882354
berjalan,3,7,-4,0.13970588235294118
berjalanjalan,1,0,1,0.17647058823529413
berjamjam,1,0,1,0.17647058823529413
berjuang,3,0,3,0.19117647058823528
berkah,1,0,1,0.17647058823529413
berkaitan,0,1,-1,0.16176470588235295
berkarakteristik,0,1,-1,0.16176470588235295
berkat,1,3,-2,0.15441176470588236
berkembang,69,11,58,0.5955882352941176
berkomunikasi,12,5,7,0.22058823529411764
berkontribusi,1,0,1,0.17647058823529413
berkualitas,1,0,1,0.17647058823529413
berkuasa,1,0,1,0.17647058823529413
berkulit,0,1,-1,0.16176470588235295
berkumpul,1,2,-1,0.16176470588235295
berladang,0,1,-1,0.16176470588235295
berlaku,0,1,-1,0.16176470588235295
berlari,23,10,13,0.2647058823529412
berlokasi,0,1,-1,0.16176470588235295
berm,0,1,-1,0.16176470588235295
bermain,3,3,0,0.16911764705882354
bermakna,3,0,3,0.19117647058823528
bermanfaat,9,1,8,0.22794117647058823
bermasyarakat,1,2,-1,0.16176470588235295
bermotivasi,0,1,-1,0.16176470588235295
bernilai,2,0,2,0.18382352941176472
bernyanyi,2,1,1,0.17647058823529413
berpamitan,1,0,1,0.17647058823529413
berpengalaman,0,2,-2,0.15441176470588236
berpengaruh,1,0,1,0.17647058823529413
berpikir,44,11,33,0.4117647058823529
berpisah,19,2,17,0.29411764705882354
berpoto,0,1,-1,0.16176470588235295
bersaing,0,1,-1,0.16176470588235295
bersamaan,33,9,24,0.34558823529411764
bersamasama,1,0,1,0.17647058823529413
bersandar,1,0,1,0.17647058823529413
bersangkutan,0,1,-1,0.16176470588235295
bersaudara,0,2,-2,0.15441176470588236
bersejarah,4,1,3,0.19117647058823528
bersekolah,0,1,-1,0.16176470588235295
bersel,3,1,2,0.18382352941176472
bersemangat,1,1,0,0.16911764705882354
bersenang,0,1,-1,0.16176470588235295
bersenangsenang,1,0,1,0.17647058823529413
bersenjata,0,1,-1,0.16176470588235295
bersepakat,1,0,1,0.17647058823529413
bersifat,19,2,17,0.29411764705882354
bersih,1,0,1,0.17647058823529413
bersimpati,0,1,-1,0.16176470588235295
bersusah,0,1,-1,0.16176470588235295
bersyukur,2,7,-5,0.1323529411764706
bertahan,5,8,-3,0.14705882352941177
bertahuntahun,5,1,4,0.19852941176470587
bertanggung,0,1,-1,0.16176470588235295
bertautan,1,0,1,0.17647058823529413
bertemu,5,1,4,0.19852941176470587
bertengkar,0,1,-1,0.16176470588235295
berterima,1,0,1,0.17647058823529413
bertindak,1,0,1,0.17647058823529413
bertujuan,1,2,-1,0.16176470588235295
berubah,5,2,3,0.19117647058823528
berukuran,2,3,-1,0.16176470588235295
berulang,1,0,1,0.17647058823529413
berumur,0,3,-3,0.14705882352941177
berurutan,0,1,-1,0.16176470588235295
berusaha,27,7,20,0.3161764705882353
bervariasi,0,1,-1,0.16176470588235295
berwarna,1,0,1,0.17647058823529413
berwujud,2,0,2,0.18382352941176472
besarkadang,1,0,1,0.17647058823529413
besi,1,0,1,0.17647058823529413
betapa,1,1,0,0.16911764705882354
biak,42,7,35,0.4264705882352941
bias,0,1,-1,0.16176470588235295
bicara,2,0,2,0.18382352941176472
bicarakan,0,1,-1,0.16176470588235295
bidang,1,5,-4,0.13970588235294118
bikin,0,4,-4,0.13970588235294118
bilang,1,3,-2,0.15441176470588236
biner,3,0,3,0.19117647058823528
bingung,1,0,1,0.17647058823529413
biologis,12,2,10,0.2426470588235294
bipedal,0,1,-1,0.16176470588235295
biru,5,4,1,0.17647058823529413
bismillah,0,1,-1,0.16176470588235295
bjsa,0,1,-1,0.16176470588235295
bm,1,0,1,0.17647058823529413
bngt,0,1,-1,0.16176470588235295
bobot,0,2,-2,0.15441176470588236
bokapnya,0,2,-2,0.15441176470588236
bola,2,0,2,0.18382352941176472
bolak,1,8,-7,0.11764705882352941
botol,1,0,1,0.17647058823529413
bow,4,0,4,0.19852941176470587
boxplot,1,0,1,0.17647058823529413
bt,10,8,2,0.18382352941176472
buah,1,0,1,0.17647058823529413
buatan,4,10,-6,0.125
budaya,27,4,23,0.3382352941176471
budi,5,2,3,0.19117647058823528
bujur,2,2,0,0.16911764705882354
buka,1,0,1,0.17647058823529413
bukti,1,0,1,0.17647058823529413
buku,17,7,10,0.2426470588235294
bulu,1,1,0,0.16911764705882354
bumi,3,6,-3,0.14705882352941177
bunga,0,1,-1,0.16176470588235295
buruburu,1,3,-2,0.15441176470588236
buruk,3,0,3,0.19117647058823528
bus,1,6,-5,0.1323529411764706
busana,0,1,-1,0.16176470588235295
butuh,2,0,2,0.18382352941176472
butuhkan,1,0,1,0.17647058823529413
butut,1,0,1,0.17647058823529413
cacar,1,0,1,0.17647058823529413
cahaya,1,0,1,0.17647058823529413
camilan,2,0,2,0.18382352941176472
campur,5,4,1,0.17647058823529413
campuran,18,0,18,0.3014705882352941
canda,2,0,2,0.18382352941176472
candi,0,1,-1,0.16176470588235295
cantik,17,4,13,0.2647058823529412
canting,5,0,5,0.20588235294117646
cap,3,0,3,0.19117647058823528
capai,1,0,1,0.17647058823529413
capek,1,0,1,0.17647058823529413
capeknya,0,1,-1,0.16176470588235295
case,2,1,1,0.17647058823529413
catatan,1,0,1,0.17647058823529413
cemas,4,0,4,0.19852941176470587
cemilan,1,0,1,0.17647058823529413
cenderung,9,3,6,0.21323529411764705
cepat,7,5,2,0.18382352941176472
cepatcepat,0,1,-1,0.16176470588235295
cerah,3,0,3,0.19117647058823528
cerdas,2,5,-3,0.14705882352941177
ceria,0,1,-1,0.16176470588235295
cerita,37,1,36,0.4338235294117647
ceritakan,1,0,1,0.17647058823529413
ceritanya,1,0,1,0.17647058823529413
cermat,0,2,-2,0.15441176470588236
ceroboh,1,0,1,0.17647058823529413
chart,0,2,-2,0.15441176470588236
chatbot,0,2,-2,0.15441176470588236
chatgpt,1,7,-6,0.125
chcooh,2,0,2,0.18382352941176472
chordata,0,1,-1,0.16176470588235295
cincin,2,0,2,0.18382352941176472
cinta,0,2,-2,0.15441176470588236
cintai,3,1,2,0.18382352941176472
ciptaan,0,1,-1,0.16176470588235295
cirebon,1,0,1,0.17647058823529413
ciri,7,1,6,0.21323529411764705
ciriciri,0,4,-4,0.13970588235294118
cita,1,6,-5,0.1323529411764706
citacita,0,3,-3,0.14705882352941177
cmdan,0,1,-1,0.16176470588235295
coba,1,2,-1,0.16176470588235295
code,0,1,-1,0.16176470588235295
coli,6,0,6,0.21323529411764705
congkak,0,1,-1,0.16176470588235295
contoh,181,68,113,1.0
contohberlari,0,1,-1,0.16176470588235295
contohnya,11,10,1,0.17647058823529413
corona,1,0,1,0.17647058823529413
counting,0,1,-1,0.16176470588235295
covid,5,0,5,0.20588235294117646
crossvalidation,0,1,-1,0.16176470588235295
cuka,15,1,14,0.27205882352941174
curhat,1,0,1,0.17647058823529413
curhatan,1,0,1,0.17647058823529413
dadakan,4,0,4,0.19852941176470587
daerah,14,4,10,0.2426470588235294
daerahmu,1,0,1,0.17647058823529413
daftar,1,0,1,0.17647058823529413
dagangannya,1,0,1,0.17647058823529413
dah,0,2,-2,0.15441176470588236
dalamnya,1,1,0,0.16911764705882354
damai,14,4,10,0.2426470588235294
dampak,4,0,4,0.19852941176470587
dampingi,0,1,-1,0.16176470588235295
dana,0,1,-1,0.16176470588235295
dapet,0,1,-1,0.16176470588235295
dasar,4,4,0,0.16911764705882354
dasarnya,1,0,1,0.17647058823529413
data,35,29,6,0.21323529411764705
dataset,2,1,1,0.17647058823529413
daun,0,5,-5,0.1323529411764706
david,0,1,-1,0.16176470588235295
daya,1,0,1,0.17647058823529413
dearing,0,1,-1,0.16176470588235295
definisi,2,0,2,0.18382352941176472
denganmu,1,0,1,0.17647058823529413
dengar,8,0,8,0.22794117647058823
denger,0,1,-1,0.16176470588235295
depannya,4,3,1,0.17647058823529413
deployment,1,0,1,0.17647058823529413
derajat,0,4,-4,0.13970588235294118
desa,2,4,-2,0.15441176470588236
desain,0,2,-2,0.15441176470588236
designer,0,1,-1,0.16176470588235295
deskripsi,1,9,-8,0.11029411764705882
detail,1,0,1,0.17647058823529413
detective,0,4,-4,0.13970588235294118
detik,1,0,1,0.17647058823529413
detil,1,0,1,0.17647058823529413
dgn,0,1,-1,0.16176470588235295
diabaikanseperti,1,0,1,0.17647058823529413
diagram,3,0,3,0.19117647058823528
diagrams,0,1,-1,0.16176470588235295
diah,1,0,1,0.17647058823529413
diakui,4,1,3,0.19117647058823528
dialami,0,1,-1,0.16176470588235295
dialaminya,1,0,1,0.17647058823529413
diamati,1,0,1,0.17647058823529413
diandalkan,0,1,-1,0.16176470588235295
dianggap,3,6,-3,0.14705882352941177
dianyam,1,1,0,0.16911764705882354
diapit,0,1,-1,0.16176470588235295
diartikan,1,2,-1,0.16176470588235295
diatasi,1,0,1,0.17647058823529413
dibaca,0,2,-2,0.15441176470588236
dibacakan,8,2,6,0.21323529411764705
dibagi,1,0,1,0.17647058823529413
dibandingkan,8,2,6,0.21323529411764705
dibangun,1,1,0,0.16911764705882354
dibatik,1,0,1,0.17647058823529413
dibawa,1,0,1,0.17647058823529413
dibedakan,0,1,-1,0.16176470588235295
diberkati,1,0,1,0.17647058823529413
dibicarakan,1,0,1,0.17647058823529413
dibilang,1,0,1,0.17647058823529413
dibungkus,4,0,4,0.19852941176470587
dibunuh,2,2,0,0.16911764705882354
dibutuhkan,0,3,-3,0.14705882352941177
dicampur,1,0,1,0.17647058823529413
dicapai,2,1,1,0.17647058823529413
dicari,1,0,1,0.17647058823529413
dicelup,1,0,1,0.17647058823529413
dicelupkan,1,2,-1,0.16176470588235295
diceritakan,2,1,1,0.17647058823529413
dicintainya,1,0,1,0.17647058823529413
dicirikan,0,3,-3,0.14705882352941177
didahului,1,0,1,0.17647058823529413
didalam,0,3,-3,0.14705882352941177
didampingi,3,0,3,0.19117647058823528
didapatkan,1,0,1,0.17647058823529413
didasarkan,0,1,-1,0.16176470588235295
didiskusikan,1,0,1,0.17647058823529413
diduga,0,1,-1,0.16176470588235295
didukung,1,1,0,0.16911764705882354
dievaluasi,1,0,1,0.17647058823529413
digambarkan,2,0,2,0.18382352941176472
dihadapi,1,4,-3,0.14705882352941177
dihadiri,1,0,1,0.17647058823529413
dihapus,1,0,1,0.17647058823529413
dihargai,4,0,4,0.19852941176470587
dihasilkan,3,4,-1,0.16176470588235295
dihias,1,0,1,0.17647058823529413
dihiasi,2,0,2,0.18382352941176472
dihilangkan,1,0,1,0.17647058823529413
dihitung,1,0,1,0.17647058823529413
dihubungkan,0,1,-1,0.16176470588235295
diikuti,1,0,1,0.17647058823529413
diiringi,1,0,1,0.17647058823529413
dijajah,3,1,2,0.18382352941176472
dijalani,2,0,2,0.18382352941176472
dijatuhkan,5,2,3,0.19117647058823528
dikaitkan,2,1,1,0.17647058823529413
dikandung,0,1,-1,0.16176470588235295
dikaruniai,1,0,1,0.17647058823529413
dikategorikan,1,1,0,0.16911764705882354
dikelas,0,6,-6,0.125
dikelilingi,1,0,1,0.17647058823529413
dikelola,0,1,-1,0.16176470588235295
dikembangkan,1,1,0,0.16911764705882354
dikemukakan,2,0,2,0.18382352941176472
dikenal,6,2,4,0.19852941176470587
dikenang,4,0,4,0.19852941176470587
dikesulitan,0,1,-1,0.16176470588235295
diketawain,0,1,-1,0.16176470588235295
diketik,2,0,2,0.18382352941176472
diklasifikasikan,1,0,1,0.17647058823529413
dikonsumsi,1,0,1,0.17647058823529413
dikumpulkan,0,2,-2,0.15441176470588236
dilamar,0,1,-1,0.16176470588235295
dilanjutkan,1,0,1,0.17647058823529413
dilapisi,3,0,3,0.19117647058823528
dilarutkan,2,2,0,0.16911764705882354
dilatih,3,2,1,0.17647058823529413
dilengkapi,0,1,-1,0.16176470588235295
dilintasi,0,1,-1,0.16176470588235295
diluar,0,1,-1,0.16176470588235295
dimakan,1,0,1,0.17647058823529413
dimaknai,0,3,-3,0.14705882352941177
dimana,0,8,-8,0.11029411764705882
dimensi,2,0,2,0.18382352941176472
dimiliki,5,2,3,0.19117647058823528
dimsum,0,1,-1,0.16176470588235295
dinding,4,0,4,0.19852941176470587
dinilai,0,1,-1,0.16176470588235295
dinyatakan,0,1,-1,0.16176470588235295
diobati,3,3,0,0.16911764705882354
diolah,1,2,-1,0.16176470588235295
dipadu,1,0,1,0.17647058823529413
dipadukan,1,0,1,0.17647058823529413
dipahami,2,0,2,0.18382352941176472
dipanggil,1,0,1,0.17647058823529413
dipecah,0,1,-1,0.16176470588235295
dipelajari,0,2,-2,0.15441176470588236
dipengaruhi,3,0,3,0.19117647058823528
diperbaiki,0,1,-1,0.16176470588235295
dipercaya,1,0,1,0.17647058823529413
diperhatikan,1,0,1,0.17647058823529413
diperingati,1,1,0,0.16911764705882354
diperjuangkan,1,0,1,0.17647058823529413
diperlakukan,1,0,1,0.17647058823529413
diperoleh,1,2,-1,0.16176470588235295
dipetik,1,0,1,0.17647058823529413
dipikirkan,1,0,1,0.17647058823529413
dipikul,1,0,1,0.17647058823529413
dipilih,0,2,-2,0.15441176470588236
dipimpin,7,1,6,0.21323529411764705
diplomasi,1,0,1,0.17647058823529413
diplomatik,0,1,-1,0.16176470588235295
diproklamasikan,1,0,1,0.17647058823529413
diproses,2,1,1,0.17647058823529413
diputuskan,1,0,1,0.17647058823529413
diraih,1,1,0,0.16911764705882354
dirancang,3,0,3,0.19117647058823528
dirangkai,1,0,1,0.17647058823529413
dirasakan,6,5,1,0.17647058823529413
dirimu,1,0,1,0.17647058823529413
dirumah,0,1,-1,0.16176470588235295
dirumuskan,1,0,1,0.17647058823529413
disangka,1,0,1,0.17647058823529413
disatu,0,1,-1,0.16176470588235295
discipline,0,1,-1,0.16176470588235295
disediakan,0,1,-1,0.16176470588235295
disekolah,0,1,-1,0.16176470588235295
disentuh,3,0,3,0.19117647058823528
disertai,1,0,1,0.17647058823529413
disimpan,1,0,1,0.17647058823529413
disiplin,0,2,-2,0.15441176470588236
disisi,0,1,-1,0.16176470588235295
disitu,0,4,-4,0.13970588235294118
diskrit,0,1,-1,0.16176470588235295
diskusi,1,0,1,0.17647058823529413
distribusi,1,0,1,0.17647058823529413
disusun,2,0,2,0.18382352941176472
ditandai,3,1,2,0.18382352941176472
ditanggal,0,1,-1,0.16176470588235295
ditempatkan,1,1,0,0.16911764705882354
ditemukan,7,1,6,0.21323529411764705
ditenun,2,2,0,0.16911764705882354
diterapkan,0,1,-1,0.16176470588235295
diterima,0,1,-1,0.16176470588235295
ditimbulkannya,1,0,1,0.17647058823529413
dititik,0,1,-1,0.16176470588235295
ditulis,1,1,0,0.16911764705882354
diubah,1,1,0,0.16911764705882354
diuji,0,1,-1,0.16176470588235295
diukur,1,2,-1,0.16176470588235295
diumumkan,1,0,1,0.17647058823529413
diupayakan,1,0,1,0.17647058823529413
diverifikasi,1,0,1,0.17647058823529413
diwarnai,4,1,3,0.19117647058823528
diyakini,0,2,-2,0.15441176470588236
dll,0,1,-1,0.16176470588235295
dna,7,0,7,0.22058823529411764
doa,0,1,-1,0.16176470588235295
doang,0,1,-1,0.16176470588235295
dokter,1,3,-2,0.15441176470588236
dokumentasinya,0,1,-1,0.16176470588235295
dominanseakan,1,0,1,0.17647058823529413
dominasinya,1,0,1,0.17647058823529413
dompet,0,1,-1,0.16176470588235295
dompetnya,1,0,1,0.17647058823529413
dongoran,0,1,-1,0.16176470588235295
dorongan,1,0,1,0.17647058823529413
drakor,0,1,-1,0.16176470588235295
drama,0,1,-1,0.16176470588235295
drs,3,0,3,0.19117647058823528
duduk,3,8,-5,0.1323529411764706
duka,1,1,0,0.16911764705882354
dukaadalah,1,0,1,0.17647058823529413
dukungan,15,1,14,0.27205882352941174
dunia,20,6,14,0.27205882352941174
duplikasi,1,0,1,0.17647058823529413
duplikat,2,1,1,0.17647058823529413
eda,5,2,3,0.19117647058823528
efektif,1,5,-4,0.13970588235294118
efisien,0,1,-1,0.16176470588235295
eh,0,1,-1,0.16176470588235295
ekonomi,0,1,-1,0.16176470588235295
ekosistem,1,0,1,0.17647058823529413
eksperimen,1,1,0,0.16911764705882354
eksplorasi,0,1,-1,0.16176470588235295
eksposisi,1,0,1,0.17647058823529413
ekspresi,2,3,-1,0.16176470588235295
ekstrakurikuler,1,0,1,0.17647058823529413
elang,1,1,0,0.16911764705882354
email,0,1,-1,0.16176470588235295
emas,0,1,-1,0.16176470588235295
emosi,17,6,11,0.25
emosiaspek,0,1,-1,0.16176470588235295
emosinya,0,1,-1,0.16176470588235295
emosional,30,1,29,0.38235294117647056
empati,40,38,2,0.18382352941176472
empatti,0,1,-1,0.16176470588235295
enak,4,0,4,0.19852941176470587
energi,2,0,2,0.18382352941176472
entitas,1,1,0,0.16911764705882354
eq,3,0,3,0.19117647058823528
era,2,0,2,0.18382352941176472
erat,1,0,1,0.17647058823529413
esai,0,3,-3,0.14705882352941177
escherichia,5,0,5,0.20588235294117646
esensi,0,1,-1,0.16176470588235295
estetika,0,1,-1,0.16176470588235295
et,0,9,-9,0.10294117647058823
etika,0,1,-1,0.16176470588235295
etis,0,1,-1,0.16176470588235295
euforia,3,0,3,0.19117647058823528
eurasia,1,0,1,0.17647058823529413
evaluasi,3,0,3,0.19117647058823528
evolusi,1,0,1,0.17647058823529413
exploratory,1,2,-1,0.16176470588235295
fakta,2,0,2,0.18382352941176472
faktor,1,0,1,0.17647058823529413
fase,2,1,1,0.17647058823529413
fasipik,0,2,-2,0.15441176470588236
favorit,3,0,3,0.19117647058823528
fenomena,2,2,0,0.16911764705882354
fermentasi,0,1,-1,0.16176470588235295
festival,1,0,1,0.17647058823529413
fikiran,0,3,-3,0.14705882352941177
file,2,1,1,0.17647058823529413
film,1,1,0,0.16911764705882354
filosofi,0,1,-1,0.16176470588235295
filosofis,0,1,-1,0.16176470588235295
filum,0,1,-1,0.16176470588235295
fire,1,0,1,0.17647058823529413
fisik,4,1,3,0.19117647058823528
fisika,1,1,0,0.16911764705882354
fitri,0,1,-1,0.16176470588235295
fitur,3,0,3,0.19117647058823528
fleckenstein,0,1,-1,0.16176470588235295
floral,0,1,-1,0.16176470588235295
flu,5,0,5,0.20588235294117646
fokus,2,1,1,0.17647058823529413
fold,0,2,-2,0.15441176470588236
folding,2,1,1,0.17647058823529413
formal,2,1,1,0.17647058823529413
formasi,0,1,-1,0.16176470588235295
format,2,2,0,0.16911764705882354
fotosintesis,0,1,-1,0.16176470588235295
frasa,1,1,0,0.16911764705882354
frustrasi,1,0,1,0.17647058823529413
fungsi,4,2,2,0.18382352941176472
fungsinya,1,1,0,0.16911764705882354
gada,0,1,-1,0.16176470588235295
gagal,0,3,-3,0.14705882352941177
gagasan,3,4,-1,0.16176470588235295
galilei,1,0,1,0.17647058823529413
galileo,3,0,3,0.19117647058823528
gambar,1,2,-1,0.16176470588235295
gambaran,1,1,0,0.16911764705882354
game,0,1,-1,0.16176470588235295
ganda,1,0,1,0.17647058823529413
gandeng,0,1,-1,0.16176470588235295
ganre,0,1,-1,0.16176470588235295
ganti,0,7,-7,0.11764705882352941
garam,1,0,1,0.17647058823529413
gardner,2,0,2,0.18382352941176472
garis,7,3,4,0.19852941176470587
garonggang,0,1,-1,0.16176470588235295
gas,1,1,0,0.16911764705882354
gaya,16,5,11,0.25
gedung,0,1,-1,0.16176470588235295
gelap,0,1,-1,0.16176470588235295
gemetar,1,0,1,0.17647058823529413
gempa,2,1,1,0.17647058823529413
gemuk,0,1,-1,0.16176470588235295
genai,0,2,-2,0.15441176470588236
generasi,2,1,1,0.17647058823529413
generasigenerasi,1,0,1,0.17647058823529413
genetik,5,1,4,0.19852941176470587
genre,0,1,-1,0.16176470588235295
geografi,3,0,3,0.19117647058823528
geografis,9,3,6,0.21323529411764705
geologi,1,0,1,0.17647058823529413
geologis,1,0,1,0.17647058823529413
geometris,0,2,-2,0.15441176470588236
geoscience,0,1,-1,0.16176470588235295
gerak,3,0,3,0.19117647058823528
gerakan,1,4,-3,0.14705882352941177
gerakannya,1,0,1,0.17647058823529413
gesek,4,0,4,0.19852941176470587
gesekan,6,3,3,0.19117647058823528
giat,0,2,-2,0.15441176470588236
goal,0,1,-1,0.16176470588235295
godang,0,1,-1,0.16176470588235295
golongan,1,0,1,0.17647058823529413
grade,0,1,-1,0.16176470588235295
grafik,3,2,1,0.17647058823529413
graphical,0,1,-1,0.16176470588235295
graphs,0,1,-1,0.16176470588235295
gravitasi,26,15,11,0.25
gspki,0,1,-1,0.16176470588235295
gue,0,2,-2,0.15441176470588236
guncangan,1,0,1,0.17647058823529413
gunung,3,1,2,0.18382352941176472
guru,2,6,-4,0.13970588235294118
gurusekolahbuku,0,1,-1,0.16176470588235295
hadapan,0,1,-1,0.16176470588235295
hadapi,0,1,-1,0.16176470588235295
hadir,1,0,1,0.17647058823529413
hah,0,1,-1,0.16176470588235295
hahaha,0,2,-2,0.15441176470588236
haji,0,1,-1,0.16176470588235295
hakikatnya,0,1,-1,0.16176470588235295
halaman,3,1,2,0.18382352941176472
halhal,25,4,21,0.3235294117647059
halmulai,1,0,1,0.17647058823529413
halo,1,0,1,0.17647058823529413
hambat,1,0,1,0.17647058823529413
hambatan,29,5,24,0.34558823529411764
hampa,42,10,32,0.40441176470588236
handbook,0,1,-1,0.16176470588235295
handphone,0,1,-1,0.16176470588235295
hangat,2,0,2,0.18382352941176472
hangout,1,0,1,0.17647058823529413
harahap,0,2,-2,0.15441176470588236
harapan,5,0,5,0.20588235294117646
hargai,0,1,-1,0.16176470588235295
harian,1,0,1,0.17647058823529413
harinya,1,0,1,0.17647058823529413
harmonis,3,0,3,0.19117647058823528
harta,1,2,-1,0.16176470588235295
hartwig,0,1,-1,0.16176470588235295
haru,8,0,8,0.22794117647058823
hasil,27,7,20,0.3161764705882353
hasilnya,2,1,1,0.17647058823529413
hati,14,6,8,0.22794117647058823
hatta,21,7,14,0.27205882352941174
hayati,1,0,1,0.17647058823529413
hcl,6,0,6,0.21323529411764705
hebat,0,1,-1,0.16176470588235295
hehe,0,3,-3,0.14705882352941177
hening,1,0,1,0.17647058823529413
hewan,2,2,0,0.16911764705882354
hi,0,2,-2,0.15441176470588236
hiasan,1,0,1,0.17647058823529413
hiburan,0,1,-1,0.16176470588235295
hidroen,0,1,-1,0.16176470588235295
hidrogen,16,12,4,0.19852941176470587
hidrogenproton,1,0,1,0.17647058823529413
hidroksida,30,13,17,0.29411764705882354
hidup,148,46,102,0.9191176470588235
hidupbaik,2,0,2,0.18382352941176472
hidupku,0,1,-1,0.16176470588235295
hidupnya,3,1,2,0.18382352941176472
high,0,2,-2,0.15441176470588236
hilang,4,2,2,0.18382352941176472
hindia,23,16,7,0.22058823529411764
hingham,0,3,-3,0.14705882352941177
histogram,2,0,2,0.18382352941176472
hiv,4,0,4,0.19852941176470587
hivaids,1,0,1,0.17647058823529413
hobi,1,1,0,0.16911764705882354
homo,9,4,5,0.20588235294117646
horas,0,1,-1,0.16176470588235295
hormat,1,0,1,0.17647058823529413
hossain,0,1,-1,0.16176470588235295
howard,2,0,2,0.18382352941176472
hp,0,2,-2,0.15441176470588236
hpkenapa,0,1,-1,0.16176470588235295
hpnya,0,1,-1,0.16176470588235295
hso,7,0,7,0.22058823529411764
hubungan,16,1,15,0.27941176470588236
hukum,7,2,5,0.20588235294117646
hukuman,0,1,-1,0.16176470588235295
huruf,5,3,2,0.18382352941176472
hurufhuruf,0,1,-1,0.16176470588235295
iba,13,4,9,0.23529411764705882
ibuku,0,1,-1,0.16176470588235295
ibunya,1,4,-3,0.14705882352941177
ide,5,1,4,0.19852941176470587
ideide,1,1,0,0.16911764705882354
identifikasi,0,1,-1,0.16176470588235295
identitas,1,0,1,0.17647058823529413
idul,0,1,-1,0.16176470588235295
idulfitri,1,0,1,0.17647058823529413
ii,2,1,1,0.17647058823529413
ikan,2,0,2,0.18382352941176472
ikat,15,1,14,0.27205882352941174
ikhlas,0,1,-1,0.16176470588235295
iklim,2,0,2,0.18382352941176472
ilmiah,2,0,2,0.18382352941176472
ilmu,3,13,-10,0.09558823529411764
impian,6,0,6,0.21323529411764705
impiannya,2,1,1,0.17647058823529413
impikanberarti,0,1,-1,0.16176470588235295
inang,23,4,19,0.3088235294117647
inangnya,1,3,-2,0.15441176470588236
indah,15,5,10,0.2426470588235294
independen,1,0,1,0.17647058823529413
indigo,1,2,-1,0.16176470588235295
indikasi,0,1,-1,0.16176470588235295
indikator,4,0,4,0.19852941176470587
individu,8,2,6,0.21323529411764705
indoaustralia,1,0,1,0.17647058823529413
indonesia,131,54,77,0.7352941176470589
industri,0,1,-1,0.16176470588235295
infeksi,4,4,0,0.16911764705882354
infeksinya,0,1,-1,0.16176470588235295
influenza,7,0,7,0.22058823529411764
info,1,0,1,0.17647058823529413
informal,1,0,1,0.17647058823529413
informasi,10,12,-2,0.15441176470588236
iniitu,0,1,-1,0.16176470588235295
inovasi,2,0,2,0.18382352941176472
insiden,1,2,-1,0.16176470588235295
inspirasi,2,0,2,0.18382352941176472
integritas,0,1,-1,0.16176470588235295
intelektual,12,3,9,0.23529411764705882
intelektualitas,1,0,1,0.17647058823529413
intelligence,1,1,0,0.16911764705882354
interaksi,7,0,7,0.22058823529411764
interaksinya,1,0,1,0.17647058823529413
internasional,1,0,1,0.17647058823529413
interpersonal,2,0,2,0.18382352941176472
intinya,0,2,-2,0.15441176470588236
intraseluler,1,0,1,0.17647058823529413
introvert,3,0,3,0.19117647058823528
ion,38,31,7,0.22058823529411764
iq,5,0,5,0.20588235294117646
ir,3,1,2,0.18382352941176472
iringi,0,1,-1,0.16176470588235295
iritasi,2,0,2,0.18382352941176472
iseng,1,0,1,0.17647058823529413
isi,1,1,0,0.16911764705882354
istirahat,3,2,1,0.17647058823529413
jaehyun,0,1,-1,0.16176470588235295
jakarta,14,5,9,0.23529411764705882
jalan,18,11,7,0.22058823529411764
jalanan,1,0,1,0.17647058823529413
jalanatau,0,1,-1,0.16176470588235295
jalani,2,1,1,0.17647058823529413
jalanjalan,0,1,-1,0.16176470588235295
jalanke,0,1,-1,0.16176470588235295
jalur,3,1,2,0.18382352941176472
jam,4,0,4,0.19852941176470587
jarak,1,2,-1,0.16176470588235295
jarang,3,1,2,0.18382352941176472
jaringan,0,1,-1,0.16176470588235295
jat,0,2,-2,0.15441176470588236
jati,1,2,-1,0.16176470588235295
jatuh,30,16,14,0.27205882352941174
jatuhnya,3,1,2,0.18382352941176472
jawa,16,6,10,0.2426470588235294
jembatan,0,1,-1,0.16176470588235295
jemput,0,1,-1,0.16176470588235295
jendela,3,0,3,0.19117647058823528
jengkel,1,0,1,0.17647058823529413
jenis,5,5,0,0.16911764705882354
jenisjenis,1,0,1,0.17647058823529413
jenisnya,1,0,1,0.17647058823529413
jenjang,1,0,1,0.17647058823529413
jepang,9,6,3,0.19117647058823528
jepara,2,0,2,0.18382352941176472
jepit,1,0,1,0.17647058823529413
jeruk,1,0,1,0.17647058823529413
jga,0,1,-1,0.16176470588235295
jiwa,1,2,-1,0.16176470588235295
joblib,2,1,1,0.17647058823529413
joblibdumpmodel,1,0,1,0.17647058823529413
joblibloadmodelpkl,1,0,1,0.17647058823529413
john,0,2,-2,0.15441176470588236
juara,0,8,-8,0.11029411764705882
juli,0,1,-1,0.16176470588235295
jumaat,0,1,-1,0.16176470588235295
jurnal,0,3,-3,0.14705882352941177
jus,3,0,3,0.19117647058823528
kabupaten,1,3,-2,0.15441176470588236
kadang,5,1,4,0.19852941176470587
kadar,0,3,-3,0.14705882352941177
kado,0,1,-1,0.16176470588235295
kaget,0,1,-1,0.16176470588235295
kain,41,21,20,0.3161764705882353
kaitannya,1,0,1,0.17647058823529413
kak,0,1,-1,0.16176470588235295
kakak,0,5,-5,0.1323529411764706
kakek,0,2,-2,0.15441176470588236
kaki,2,7,-5,0.1323529411764706
kakinya,1,0,1,0.17647058823529413
kali,34,4,30,0.3897058823529412
kalimantan,0,1,-1,0.16176470588235295
kalimat,17,13,4,0.19852941176470587
kalium,2,0,2,0.18382352941176472
kamar,0,2,-2,0.15441176470588236
kampung,5,5,0,0.16911764705882354
kandungan,1,3,-2,0.15441176470588236
kannyamencapai,0,1,-1,0.16176470588235295
kapas,4,1,3,0.19117647058823528
kapasitas,1,0,1,0.17647058823529413
kapitalisasi,1,0,1,0.17647058823529413
kapsid,1,0,1,0.17647058823529413
kapur,3,0,3,0.19117647058823528
karakter,3,1,2,0.18382352941176472
karakteristik,3,4,-1,0.16176470588235295
karaoke,1,0,1,0.17647058823529413
karier,1,0,1,0.17647058823529413
karna,0,11,-11,0.08823529411764706
karya,2,0,2,0.18382352941176472
kasian,0,1,-1,0.16176470588235295
kasih,2,5,-3,0.14705882352941177
kasihan,27,24,3,0.19117647058823528
katakata,7,1,6,0.21323529411764705
kategori,0,2,-2,0.15441176470588236
kategoris,0,2,-2,0.15441176470588236
katulistiwa,0,2,-2,0.15441176470588236
katun,9,5,4,0.19852941176470587
kau,0,1,-1,0.16176470588235295
kaustik,1,1,0,0.16911764705882354
kawasan,8,0,8,0.22794117647058823
kaya,3,1,2,0.18382352941176472
kayak,0,2,-2,0.15441176470588236
kayu,2,11,-9,0.10294117647058823
keadaannya,1,0,1,0.17647058823529413
keadan,0,1,-1,0.16176470588235295
keanekaragaman,1,0,1,0.17647058823529413
keasaman,0,2,-2,0.15441176470588236
keasamannya,0,1,-1,0.16176470588235295
keaslian,0,2,-2,0.15441176470588236
kebahagiaan,89,16,73,0.7058823529411765
kebahagian,0,1,-1,0.16176470588235295
kebaikan,2,0,2,0.18382352941176472
kebakaran,0,2,-2,0.15441176470588236
kebanggaan,15,1,14,0.27205882352941174
kebanyakan,0,1,-1,0.16176470588235295
kebebasan,3,9,-6,0.125
keberadaan,1,0,1,0.17647058823529413
keberanian,2,0,2,0.18382352941176472
keberhasilan,5,1,4,0.19852941176470587
kebersamaan,6,0,6,0.21323529411764705
kebiasaan,0,1,-1,0.16176470588235295
kebudayaan,1,0,1,0.17647058823529413
kebutuhan,5,1,4,0.19852941176470587
kebutuhannya,1,0,1,0.17647058823529413
kecamatan,0,2,-2,0.15441176470588236
kecemasan,1,1,0,0.16911764705882354
kecemasannya,2,0,2,0.18382352941176472
kecepatan,16,3,13,0.2647058823529412
kecerdasan,86,29,57,0.5882352941176471
keceriaan,1,0,1,0.17647058823529413
kecurangan,0,2,-2,0.15441176470588236
kedalaman,2,0,2,0.18382352941176472
kedamaian,6,0,6,0.21323529411764705
kedewasaan,1,0,1,0.17647058823529413
kediaman,1,1,0,0.16911764705882354
kedisiplinan,1,0,1,0.17647058823529413
kedokteran,0,1,-1,0.16176470588235295
kegagalan,1,0,1,0.17647058823529413
kegembiraan,5,0,5,0.20588235294117646
kegetiran,1,0,1,0.17647058823529413
kegiatan,7,10,-3,0.14705882352941177
kegunaan,0,1,-1,0.16176470588235295
kehabisan,4,0,4,0.19852941176470587
kehangatan,1,0,1,0.17647058823529413
kehidupan,30,8,22,0.33088235294117646
kehidupannya,1,0,1,0.17647058823529413
kehilangan,33,2,31,0.39705882352941174
kehilanganmu,1,0,1,0.17647058823529413
keindahan,3,0,3,0.19117647058823528
kejadian,9,4,5,0.20588235294117646
kejar,1,1,0,0.16911764705882354
kejauhan,1,0,1,0.17647058823529413
kek,0,1,-1,0.16176470588235295
kekacauan,1,0,1,0.17647058823529413
kekayaan,1,1,0,0.16911764705882354
kekerabatan,0,1,-1,0.16176470588235295
kekuasaan,1,0,1,0.17647058823529413
kekuatan,2,2,0,0.16911764705882354
kelahiran,0,1,-1,0.16176470588235295
kelapa,0,2,-2,0.15441176470588236
kelaparan,0,1,-1,0.16176470588235295
kelas,4,18,-14,0.0661764705882353
kelebihan,2,0,2,0.18382352941176472
kelegaan,11,0,11,0.25
kelelahan,1,0,1,0.17647058823529413
kelemahan,1,0,1,0.17647058823529413
kelompok,4,3,1,0.17647058823529413
keluaran,1,3,-2,0.15441176470588236
keluarga,30,10,20,0.3161764705882353
keluarganya,4,3,1,0.17647058823529413
keluh,1,0,1,0.17647058823529413
kelulusan,3,1,2,0.18382352941176472
kemacetan,3,0,3,0.19117647058823528
kemajuan,0,1,-1,0.16176470588235295
kemampuan,101,43,58,0.5955882352941176
kematian,0,2,-2,0.15441176470588236
kementerian,0,1,-1,0.16176470588235295
kemerdekaan,28,30,-2,0.15441176470588236
kemerdekaannya,19,2,17,0.29411764705882354
kemih,1,0,1,0.17647058823529413
kemunculan,1,0,1,0.17647058823529413
kemunculannya,1,0,1,0.17647058823529413
kenaikan,0,1,-1,0.16176470588235295
kenangan,8,2,6,0.21323529411764705
kenangkenangan,1,0,1,0.17647058823529413
kendaraan,3,0,3,0.19117647058823528
kenyataan,3,0,3,0.19117647058823528
kenyataanada,1,0,1,0.17647058823529413
kepala,1,2,-1,0.16176470588235295
kepan,1,0,1,0.17647058823529413
kependidikan,0,1,-1,0.16176470588235295
kepercayaan,0,1,-1,0.16176470588235295
kepolosannya,1,0,1,0.17647058823529413
kepuasan,5,1,4,0.19852941176470587
kepulauan,8,3,5,0.20588235294117646
keputusan,5,1,4,0.19852941176470587
kera,0,3,-3,0.14705882352941177
kerajaan,0,1,-1,0.16176470588235295
kerajinan,28,14,14,0.27205882352941174
keranjang,0,1,-1,0.16176470588235295
kerap,0,1,-1,0.16176470588235295
keras,24,4,20,0.3161764705882353
kerinduan,1,0,1,0.17647058823529413
keripik,2,0,2,0.18382352941176472
keris,2,0,2,0.18382352941176472
kerja,57,40,17,0.29411764705882354
kerjamakan,0,1,-1,0.16176470588235295
kertas,38,34,4,0.19852941176470587
kertasakan,1,0,1,0.17647058823529413
kesadaran,11,1,10,0.2426470588235294
kesahnya,1,0,1,0.17647058823529413
kesakitan,1,0,1,0.17647058823529413
kesal,4,0,4,0.19852941176470587
kesalahan,3,2,1,0.17647058823529413
kesatuan,2,1,1,0.17647058823529413
kesedihan,17,2,15,0.27941176470588236
kesedihanmu,1,0,1,0.17647058823529413
kesedihannya,5,2,3,0.19117647058823528
keseharian,2,1,1,0.17647058823529413
keseimbangan,4,0,4,0.19852941176470587
keseimbanganantara,2,0,2,0.18382352941176472
kesempatan,8,1,7,0.22058823529411764
kesempurnaan,0,1,-1,0.16176470588235295
kesemutan,1,0,1,0.17647058823529413
kesimpulan,2,0,2,0.18382352941176472
kesuksesan,3,0,3,0.19117647058823528
kesulitan,5,5,0,0.16911764705882354
ketahui,0,1,-1,0.16176470588235295
ketambarak,0,1,-1,0.16176470588235295
ketawa,0,1,-1,0.16176470588235295
ketawatawa,0,1,-1,0.16176470588235295
ketelitian,1,0,1,0.17647058823529413
keterampilan,9,1,8,0.22794117647058823
keterampilannya,1,0,1,0.17647058823529413
keterangan,1,6,-5,0.1323529411764706
keterbatasan,1,0,1,0.17647058823529413
keterbukaan,1,0,1,0.17647058823529413
keterlambatan,1,0,1,0.17647058823529413
keterlibatan,2,0,2,0.18382352941176472
ketertarikan,1,1,0,0.16911764705882354
ketidakkonsistenan,0,1,-1,0.16176470588235295
ketidakpercayaan,4,0,4,0.19852941176470587
ketiga,0,1,-1,0.16176470588235295
ketinggalan,1,2,-1,0.16176470588235295
ketinggian,9,4,5,0.20588235294117646
ketua,0,2,-2,0.15441176470588236
keunikan,4,1,3,0.19117647058823528
keyakinan,1,0,1,0.17647058823529413
kg,0,1,-1,0.16176470588235295
khas,12,5,7,0.22058823529411764
khatulistiwa,8,2,6,0.21323529411764705
khawatir,1,1,0,0.16911764705882354
khusus,2,0,2,0.18382352941176472
kilometer,1,0,1,0.17647058823529413
kimia,3,7,-4,0.13970588235294118
kindom,0,1,-1,0.16176470588235295
kinerja,1,1,0,0.16911764705882354
kinestetik,2,0,2,0.18382352941176472
kingdom,0,1,-1,0.16176470588235295
kipasgelasmeja,0,1,-1,0.16176470588235295
kisah,1,0,1,0.17647058823529413
kitakebahagiaan,0,1,-1,0.16176470588235295
klasifikasi,1,2,-1,0.16176470588235295
klorida,9,0,9,0.23529411764705882
kluarga,0,1,-1,0.16176470588235295
knearest,1,0,1,0.17647058823529413
kognitif,2,3,-1,0.16176470588235295
koh,2,0,2,0.18382352941176472
kohesi,0,1,-1,0.16176470588235295
koleksi,1,0,1,0.17647058823529413
koloni,2,0,2,0.18382352941176472
kolonial,1,0,1,0.17647058823529413
kombinasi,1,0,1,0.17647058823529413
komik,0,2,-2,0.15441176470588236
kompetisi,2,0,2,0.18382352941176472
kompleks,10,8,2,0.18382352941176472
komputasi,1,0,1,0.17647058823529413
komputer,0,10,-10,0.09558823529411764
komunikasi,1,0,1,0.17647058823529413
komunitas,2,0,2,0.18382352941176472
kondiai,0,1,-1,0.16176470588235295
kondisi,8,6,2,0.18382352941176472
kondisinya,1,0,1,0.17647058823529413
konflik,1,1,0,0.16911764705882354
konsentrasi,0,5,-5,0.1323529411764706
konsentrasinya,1,0,1,0.17647058823529413
konsep,12,17,-5,0.1323529411764706
konsepdan,0,1,-1,0.16176470588235295
konser,1,0,1,0.17647058823529413
konsisten,5,0,5,0.20588235294117646
kontak,1,0,1,0.17647058823529413
konteks,5,0,5,0.20588235294117646
kontekstual,0,1,-1,0.16176470588235295
konten,0,1,-1,0.16176470588235295
kontradiktifbahagia,1,0,1,0.17647058823529413
kontribusi,1,0,1,0.17647058823529413
koordinat,1,1,0,0.16911764705882354
kopi,11,1,10,0.2426470588235294
korban,0,14,-14,0.0661764705882353
korelasi,1,0,1,0.17647058823529413
korosi,1,0,1,0.17647058823529413
korosif,7,1,6,0.21323529411764705
korosifitas,0,1,-1,0.16176470588235295
kota,7,1,6,0.21323529411764705
kotor,1,0,1,0.17647058823529413
kreatif,6,1,5,0.20588235294117646
kreativitas,18,0,18,0.3014705882352941
krecar,0,2,-2,0.15441176470588236
kredibilitas,0,1,-1,0.16176470588235295
kritis,3,1,2,0.18382352941176472
ku,0,3,-3,0.14705882352941177
kualitas,1,3,-2,0.15441176470588236
kualitatif,0,2,-2,0.15441176470588236
kuantitatif,0,2,-2,0.15441176470588236
kuat,5,0,5,0.20588235294117646
kucing,2,3,-1,0.16176470588235295
kue,3,1,2,0.18382352941176472
kuis,0,1,-1,0.16176470588235295
kuliah,2,0,2,0.18382352941176472
kulit,3,3,0,0.16911764705882354
kunci,2,0,2,0.18382352941176472
kuno,0,1,-1,0.16176470588235295
kurikulum,1,0,1,0.17647058823529413
kursi,3,6,-3,0.14705882352941177
kurun,1,0,1,0.17647058823529413
kurus,0,1,-1,0.16176470588235295
kuswardani,0,1,-1,0.16176470588235295
la,0,1,-1,0.16176470588235295
label,0,1,-1,0.16176470588235295
lactobacillus,1,0,1,0.17647058823529413
lagu,2,2,0,0.16911764705882354
lagulagu,1,0,1,0.17647058823529413
lahaku,0,1,-1,0.16176470588235295
lahir,1,0,1,0.17647058823529413
lahirnya,2,1,1,0.17647058823529413
lainlain,0,2,-2,0.15441176470588236
lakilaki,0,1,-1,0.16176470588235295
lakmus,4,9,-5,0.1323529411764706
lakukan,5,0,5,0.20588235294117646
lamakelamaan,1,0,1,0.17647058823529413
lamalama,1,0,1,0.17647058823529413
lambat,2,0,2,0.18382352941176472
landasan,0,1,-1,0.16176470588235295
langit,2,0,2,0.18382352941176472
langkah,6,1,5,0.20588235294117646
langkahnya,1,0,1,0.17647058823529413
langsung,10,15,-5,0.1323529411764706
langsungsaya,1,0,1,0.17647058823529413
language,1,2,-1,0.16176470588235295
lanjutseperti,1,0,1,0.17647058823529413
lantai,27,17,10,0.2426470588235294
lapangan,1,1,0,0.16911764705882354
lapisan,1,0,1,0.17647058823529413
laporan,1,0,1,0.17647058823529413
larut,5,0,5,0.20588235294117646
larutan,87,31,56,0.5808823529411765
larutannya,2,0,2,0.18382352941176472
lasem,1,0,1,0.17647058823529413
laut,0,1,-1,0.16176470588235295
lawas,1,2,-1,0.16176470588235295
layak,1,0,1,0.17647058823529413
lazim,0,1,-1,0.16176470588235295
learning,7,1,6,0.21323529411764705
lebaran,21,2,19,0.3088235294117647
lebarankarna,0,1,-1,0.16176470588235295
ledakan,1,0,1,0.17647058823529413
lega,9,2,7,0.22058823529411764
lelah,0,1,-1,0.16176470588235295
lelucon,2,0,2,0.18382352941176472
lembaga,0,1,-1,0.16176470588235295
lembaran,1,0,1,0.17647058823529413
lembur,1,0,1,0.17647058823529413
lemmatisasi,1,0,1,0.17647058823529413
lemon,5,1,4,0.19852941176470587
lempeng,3,0,3,0.19117647058823528
lempenglempeng,1,0,1,0.17647058823529413
lengkap,8,6,2,0.18382352941176472
letak,1,0,1,0.17647058823529413
liat,0,2,-2,0.15441176470588236
library,1,0,1,0.17647058823529413
licin,15,3,12,0.25735294117647056
lidi,0,1,-1,0.16176470588235295
lihat,0,1,-1,0.16176470588235295
likely,0,1,-1,0.16176470588235295
lilin,21,8,13,0.2647058823529412
line,0,1,-1,0.16176470588235295
linen,0,1,-1,0.16176470588235295
lingkaran,1,0,1,0.17647058823529413
lingkungan,32,9,23,0.3382352941176471
lingkungannya,8,1,7,0.22058823529411764
linguistik,4,3,1,0.17647058823529413
lintang,4,2,2,0.18382352941176472
lipida,1,0,1,0.17647058823529413
lirik,1,0,1,0.17647058823529413
lisan,0,2,-2,0.15441176470588236
list,0,2,-2,0.15441176470588236
load,1,0,1,0.17647058823529413
logam,5,2,3,0.19117647058823528
logis,8,1,7,0.22058823529411764
logismatematis,1,0,1,0.17647058823529413
logistik,2,0,2,0.18382352941176472
lokal,1,0,1,0.17647058823529413
lowercase,1,0,1,0.17647058823529413
lowercasing,1,0,1,0.17647058823529413
ls,5,4,1,0.17647058823529413
lu,6,4,2,0.18382352941176472
luang,2,0,2,0.18382352941176472
luas,2,4,-2,0.15441176470588236
lucu,27,4,23,0.3382352941176471
lucunya,1,0,1,0.17647058823529413
lukis,1,0,1,0.17647058823529413
lukisan,0,1,-1,0.16176470588235295
lulus,3,3,0,0.16911764705882354
lupa,1,1,0,0.16911764705882354
lupakan,1,0,1,0.17647058823529413
maaff,0,1,-1,0.16176470588235295
macet,6,0,6,0.21323529411764705
machine,7,1,6,0.21323529411764705
mahasiswi,0,5,-5,0.1323529411764706
mahkluk,0,1,-1,0.16176470588235295
mahluk,0,3,-3,0.14705882352941177
mahsun,0,1,-1,0.16176470588235295
majemuk,2,0,2,0.18382352941176472
maju,1,1,0,0.16911764705882354
makalah,0,1,-1,0.16176470588235295
makan,17,9,8,0.22794117647058823
makanan,6,1,5,0.20588235294117646
makhluk,51,31,20,0.3161764705882353
makna,15,4,11,0.25
maknanya,2,1,1,0.17647058823529413
maksimum,1,0,1,0.17647058823529413
malam,15,2,13,0.2647058823529412
malamlilin,2,0,2,0.18382352941176472
malasmalasan,0,1,-1,0.16176470588235295
malu,1,1,0,0.16911764705882354
maluku,0,2,-2,0.15441176470588236
mama,0,1,-1,0.16176470588235295
mamalia,3,1,2,0.18382352941176472
mammalia,0,1,-1,0.16176470588235295
mampir,0,2,-2,0.15441176470588236
manakah,1,0,1,0.17647058823529413
mandasip,0,2,-2,0.15441176470588236
mandi,0,3,-3,0.14705882352941177
mandii,0,1,-1,0.16176470588235295
mandiri,13,0,13,0.2647058823529412
manifestasi,0,1,-1,0.16176470588235295
manila,0,1,-1,0.16176470588235295
manis,4,1,3,0.19117647058823528
manusia,93,52,41,0.47058823529411764
manusiaketakutan,0,1,-1,0.16176470588235295
maps,0,1,-1,0.16176470588235295
marah,0,1,-1,0.16176470588235295
maret,0,1,-1,0.16176470588235295
mari,0,1,-1,0.16176470588235295
masalh,0,1,-1,0.16176470588235295
masam,1,7,-6,0.125
masi,0,1,-1,0.16176470588235295
masingmasing,3,2,1,0.17647058823529413
masjid,1,1,0,0.16911764705882354
masker,0,1,-1,0.16176470588235295
massa,10,4,6,0.21323529411764705
massanya,1,0,1,0.17647058823529413
masuk,1,4,-3,0.14705882352941177
masukan,0,1,-1,0.16176470588235295
masyarakat,3,5,-2,0.15441176470588236
mata,6,0,6,0.21323529411764705
matahari,1,0,1,0.17647058823529413
matang,0,1,-1,0.16176470588235295
matanya,2,0,2,0.18382352941176472
matcha,0,1,-1,0.16176470588235295
matematika,0,1,-1,0.16176470588235295
matematis,1,0,1,0.17647058823529413
materi,12,2,10,0.2426470588235294
material,2,1,1,0.17647058823529413
matrices,0,1,-1,0.16176470588235295
matriks,1,0,1,0.17647058823529413
mayoritas,0,1,-1,0.16176470588235295
medan,0,4,-4,0.13970588235294118
media,4,1,3,0.19117647058823528
mega,2,0,2,0.18382352941176472
meja,17,14,3,0.19117647058823528
mekah,0,1,-1,0.16176470588235295
melahirkan,0,1,-1,0.16176470588235295
melaju,1,0,1,0.17647058823529413
melakukannya,0,2,-2,0.15441176470588236
melambaikan,1,0,1,0.17647058823529413
melambung,1,0,1,0.17647058823529413
melampaui,1,1,0,0.16911764705882354
melanggar,0,1,-1,0.16176470588235295
melangkah,5,1,4,0.19852941176470587
melanjutkan,6,1,5,0.20588235294117646
melatih,1,2,-1,0.16176470588235295
melawan,2,1,1,0.17647058823529413
mele,1,0,1,0.17647058823529413
melelahkan,2,0,2,0.18382352941176472
melengkapi,0,1,-1,0.16176470588235295
melepaskan,9,2,7,0.22058823529411764
meletakkan,1,0,1,0.17647058823529413
melewati,5,1,4,0.19852941176470587
melibatkan,6,5,1,0.17647058823529413
melik,2,0,2,0.18382352941176472
meliputi,7,2,5,0.20588235294117646
melukis,1,0,1,0.17647058823529413
memadai,1,0,1,0.17647058823529413
memahami,61,25,36,0.4338235294117647
memakan,1,1,0,0.16911764705882354
memaksa,1,0,1,0.17647058823529413
memalukan,1,0,1,0.17647058823529413
memanaskan,1,0,1,0.17647058823529413
memandang,1,0,1,0.17647058823529413
memanfaatkan,1,0,1,0.17647058823529413
memanggil,1,0,1,0.17647058823529413
memanipulasi,1,0,1,0.17647058823529413
memaparkan,0,1,-1,0.16176470588235295
memasak,1,1,0,0.16911764705882354
membaca,12,4,8,0.22794117647058823
membacakan,2,2,0,0.16911764705882354
membagi,0,1,-1,0.16176470588235295
membagikan,2,0,2,0.18382352941176472
membahagiakan,0,1,-1,0.16176470588235295
membahas,0,1,-1,0.16176470588235295
membandingkan,4,0,4,0.19852941176470587
membanggakan,1,1,0,0.16911764705882354
membangun,4,1,3,0.19117647058823528
membantu,26,12,14,0.27205882352941174
membantunya,1,0,1,0.17647058823529413
membatik,1,1,0,0.16911764705882354
membawa,10,2,8,0.22794117647058823
membedakan,10,2,8,0.22794117647058823
membedakannya,3,3,0,0.16911764705882354
membelah,2,0,2,0.18382352941176472
membeli,8,0,8,0.22794117647058823
membentang,3,0,3,0.19117647058823528
membentuk,7,2,5,0.20588235294117646
memberinya,2,0,2,0.18382352941176472
membingungkan,2,0,2,0.18382352941176472
membosankan,0,1,-1,0.16176470588235295
membran,4,2,2,0.18382352941176472
membuahkan,15,0,15,0.27941176470588236
membuatku,0,2,-2,0.15441176470588236
membuatnya,2,0,2,0.18382352941176472
membuka,6,0,6,0.21323529411764705
membuktikan,1,0,1,0.17647058823529413
membutuhkan,8,1,7,0.22058823529411764
memecah,1,1,0,0.16911764705882354
memecahkan,19,10,9,0.23529411764705882
memenangkan,1,0,1,0.17647058823529413
memengaruhi,1,1,0,0.16911764705882354
memenuhi,3,2,1,0.17647058823529413
memeriksa,0,1,-1,0.16176470588235295
memikiki,0,1,-1,0.16176470588235295
memikirkan,0,2,-2,0.15441176470588236
memili,0,1,-1,0.16176470588235295
memilih,1,1,0,0.16911764705882354
memiliki,185,80,105,0.9411764705882353
memimpin,1,0,1,0.17647058823529413
memindahkan,0,1,-1,0.16176470588235295
memotong,0,1,-1,0.16176470588235295
mempengaruhi,2,2,0,0.16911764705882354
memperbaiki,3,1,2,0.18382352941176472
memperhatikan,1,1,0,0.16911764705882354
memperingati,0,3,-3,0.14705882352941177
memperjuangkan,1,0,1,0.17647058823529413
memperkaya,2,0,2,0.18382352941176472
memperlambat,6,2,4,0.19852941176470587
mempermudah,1,3,-2,0.15441176470588236
memperoklamasikan,0,1,-1,0.16176470588235295
memperoleh,1,2,-1,0.16176470588235295
mempertahankan,4,0,4,0.19852941176470587
memprediksi,2,1,1,0.17647058823529413
memproduksi,0,1,-1,0.16176470588235295
memproklamasikan,19,3,16,0.2867647058823529
memproses,0,4,-4,0.13970588235294118
memuaskan,2,0,2,0.18382352941176472
memuat,1,0,1,0.17647058823529413
memudahkan,0,1,-1,0.16176470588235295
memunculkan,2,1,1,0.17647058823529413
memutuskan,1,0,1,0.17647058823529413
memverifikasi,0,1,-1,0.16176470588235295
memyuruh,0,1,-1,0.16176470588235295
menabung,0,1,-1,0.16176470588235295
menahan,2,0,2,0.18382352941176472
menamai,1,0,1,0.17647058823529413
menampilkan,0,1,-1,0.16176470588235295
menandai,14,7,7,0.22058823529411764
menandakan,3,0,3,0.19117647058823528
menang,0,1,-1,0.16176470588235295
menangis,5,2,3,0.19117647058823528
menangkap,0,1,-1,0.16176470588235295
menari,0,1,-1,0.16176470588235295
menarik,4,2,2,0.18382352941176472
menatapnya,1,0,1,0.17647058823529413
menawarkan,3,0,3,0.19117647058823528
mencakup,18,1,17,0.29411764705882354
mencampurkan,1,0,1,0.17647058823529413
mencapai,38,15,23,0.3382352941176471
mencapainya,3,0,3,0.19117647058823528
mencari,10,3,7,0.22058823529411764
mencatat,0,1,-1,0.16176470588235295
mencekam,0,1,-1,0.16176470588235295
menceritakan,1,0,1,0.17647058823529413
mencerminkan,1,0,1,0.17647058823529413
mencerna,0,1,-1,0.16176470588235295
mencetak,1,0,1,0.17647058823529413
mencipta,1,0,1,0.17647058823529413
menciptakan,18,4,14,0.27205882352941174
mencoba,22,3,19,0.3088235294117647
mencuci,1,0,1,0.17647058823529413
mendaki,1,0,1,0.17647058823529413
mendalam,26,3,23,0.3382352941176471
mendasar,1,0,1,0.17647058823529413
mendefenisikannya,0,1,-1,0.16176470588235295
mendeklarasikan,1,0,1,0.17647058823529413
mendengar,11,2,9,0.23529411764705882
mendengarkan,12,2,10,0.2426470588235294
mendengkur,1,0,1,0.17647058823529413
mendeskripsikan,3,0,3,0.19117647058823528
mendeteksi,1,0,1,0.17647058823529413
mendoakan,1,0,1,0.17647058823529413
mendonasikan,0,1,-1,0.16176470588235295
mendorong,2,0,2,0.18382352941176472
mendukung,6,2,4,0.19852941176470587
mendung,2,0,2,0.18382352941176472
meneliti,0,1,-1,0.16176470588235295
menemani,1,0,1,0.17647058823529413
menemaninya,1,0,1,0.17647058823529413
menempati,0,1,-1,0.16176470588235295
menempatkan,0,1,-1,0.16176470588235295
menemukan,11,1,10,0.2426470588235294
menemukannya,1,0,1,0.17647058823529413
menengah,1,2,-1,0.16176470588235295
menentukan,2,0,2,0.18382352941176472
menenun,1,0,1,0.17647058823529413
menerangkan,0,1,-1,0.16176470588235295
menerapkan,1,3,-2,0.15441176470588236
menerima,5,1,4,0.19852941176470587
menetralisir,1,0,1,0.17647058823529413
menetralkan,1,0,1,0.17647058823529413
mengabadikan,0,1,-1,0.16176470588235295
mengacu,0,6,-6,0.125
mengadakan,2,0,2,0.18382352941176472
mengakui,0,1,-1,0.16176470588235295
mengalami,18,6,12,0.25735294117647056
mengalaminya,4,1,3,0.19117647058823528
mengalir,2,0,2,0.18382352941176472
mengambil,1,1,0,0.16911764705882354
menganalisis,0,1,-1,0.16176470588235295
mengandung,17,8,9,0.23529411764705882
menganggap,0,1,-1,0.16176470588235295
menganggapnya,0,1,-1,0.16176470588235295
mengantar,1,0,1,0.17647058823529413
mengantuk,1,0,1,0.17647058823529413
menganyam,0,1,-1,0.16176470588235295
mengaplikasikan,1,0,1,0.17647058823529413
mengasah,1,0,1,0.17647058823529413
mengatasi,4,1,3,0.19117647058823528
mengedepankan,1,0,1,0.17647058823529413
mengejar,4,0,4,0.19852941176470587
mengejutkan,1,0,1,0.17647058823529413
mengeksplorasi,7,0,7,0.22058823529411764
mengekspresikan,1,0,1,0.17647058823529413
mengelola,1,0,1,0.17647058823529413
mengeluarkan,0,1,-1,0.16176470588235295
mengeluh,1,0,1,0.17647058823529413
mengembangkan,5,1,4,0.19852941176470587
mengenal,1,0,1,0.17647058823529413
mengenali,2,0,2,0.18382352941176472
mengerti,1,0,1,0.17647058823529413
mengetik,0,1,-1,0.16176470588235295
mengevaluasi,0,1,-1,0.16176470588235295
menggabungkan,1,0,1,0.17647058823529413
menggambar,4,1,3,0.19117647058823528
menggambarkan,19,9,10,0.2426470588235294
menggembirakan,1,0,1,0.17647058823529413
menghabiskan,3,1,2,0.18382352941176472
menghadapi,4,1,3,0.19117647058823528
menghadiri,7,0,7,0.22058823529411764
menghadirkan,1,0,1,0.17647058823529413
menghakimi,1,0,1,0.17647058823529413
menghalangi,1,0,1,0.17647058823529413
menghambat,1,0,1,0.17647058823529413
menghangatkan,1,0,1,0.17647058823529413
menghapus,2,1,1,0.17647058823529413
menghargai,10,2,8,0.22794117647058823
menghasilkan,14,4,10,0.2426470588235294
menghibur,2,2,0,0.16911764705882354
menghiburnya,2,2,0,0.16911764705882354
menghilangkan,0,1,-1,0.16176470588235295
menghitung,2,0,2,0.18382352941176472
menghubungkan,1,1,0,0.16911764705882354
mengidentifikasi,1,2,-1,0.16176470588235295
mengidentifikasinya,1,0,1,0.17647058823529413
menginfeksi,5,1,4,0.19852941176470587
menginspirasi,2,0,2,0.18382352941176472
mengiringi,1,0,1,0.17647058823529413
mengisi,1,1,0,0.16911764705882354
mengkritik,0,1,-1,0.16176470588235295
mengolah,1,3,-2,0.15441176470588236
mengonversi,0,1,-1,0.16176470588235295
mengorbankan,1,0,1,0.17647058823529413
mengorganisir,0,1,-1,0.16176470588235295
menguasai,1,0,1,0.17647058823529413
mengubah,11,3,8,0.22794117647058823
menguji,0,2,-2,0.15441176470588236
mengukir,1,0,1,0.17647058823529413
mengulangi,0,1,-1,0.16176470588235295
mengumumkan,1,0,1,0.17647058823529413
mengundang,2,0,2,0.18382352941176472
menguntungkan,5,0,5,0.20588235294117646
mengurangi,2,1,1,0.17647058823529413
mengusap,1,0,1,0.17647058823529413
menikah,0,2,-2,0.15441176470588236
menikmati,40,1,39,0.45588235294117646
menilai,1,0,1,0.17647058823529413
menimbulkan,2,3,-1,0.16176470588235295
meninggal,0,1,-1,0.16176470588235295
meninggalkan,3,1,2,0.18382352941176472
meningkat,2,0,2,0.18382352941176472
meningkatkan,1,1,0,0.16911764705882354
meniru,0,1,-1,0.16176470588235295
menit,0,2,-2,0.15441176470588236
menjadikan,2,0,2,0.18382352941176472
menjadikannya,1,1,0,0.16911764705882354
menjaga,7,1,6,0.21323529411764705
menjalani,7,1,6,0.21323529411764705
menjanjikan,0,1,-1,0.16176470588235295
menjatuhkan,5,1,4,0.19852941176470587
menjelajahi,1,0,1,0.17647058823529413
menjenguk,0,3,-3,0.14705882352941177
menjerit,1,0,1,0.17647058823529413
menjual,1,0,1,0.17647058823529413
menolong,1,2,-1,0.16176470588235295
menonton,0,1,-1,0.16176470588235295
menskalakan,1,0,1,0.17647058823529413
mensyukuri,4,0,4,0.19852941176470587
mental,1,0,1,0.17647058823529413
mentalnya,1,0,1,0.17647058823529413
menulis,12,4,8,0.22794117647058823
menumpang,0,1,-1,0.16176470588235295
menunggu,6,1,5,0.20588235294117646
menuntut,0,3,-3,0.14705882352941177
menurutku,0,1,-1,0.16176470588235295
menurutmu,1,0,1,0.17647058823529413
menutupi,4,0,4,0.19852941176470587
menyadari,4,0,4,0.19852941176470587
menyadarinya,1,0,1,0.17647058823529413
menyajikan,1,1,0,0.16911764705882354
menyakitkan,1,0,1,0.17647058823529413
menyalami,0,1,-1,0.16176470588235295
menyalin,0,1,-1,0.16176470588235295
menyalintempel,0,1,-1,0.16176470588235295
menyalurkan,1,0,1,0.17647058823529413
menyamakan,1,0,1,0.17647058823529413
menyanyi,1,0,1,0.17647058823529413
menyanyikan,1,0,1,0.17647058823529413
menyapu,0,1,-1,0.16176470588235295
menyebabkan,18,7,11,0.25
menyebut,3,0,3,0.19117647058823528
menyederhanakan,1,0,1,0.17647058823529413
menyelaraskan,1,0,1,0.17647058823529413
menyelesaikan,14,10,4,0.19852941176470587
menyelimuti,1,0,1,0.17647058823529413
menyempurnakan,0,1,-1,0.16176470588235295
menyenangkan,5,2,3,0.19117647058823528
menyentuh,28,6,22,0.33088235294117646
menyerah,4,2,2,0.18382352941176472
menyerang,1,0,1,0.17647058823529413
menyertakan,1,0,1,0.17647058823529413
menyesal,1,0,1,0.17647058823529413
menyesuaikan,3,1,2,0.18382352941176472
menyimpan,2,1,1,0.17647058823529413
menyiram,1,0,1,0.17647058823529413
menyoroti,0,1,-1,0.16176470588235295
menyukai,4,2,2,0.18382352941176472
menyusun,0,1,-1,0.16176470588235295
merah,5,9,-4,0.13970588235294118
meraih,7,2,5,0.20588235294117646
merasakan,77,17,60,0.6102941176470589
merasakannya,9,0,9,0.23529411764705882
merdeka,15,2,13,0.2647058823529412
merebus,0,1,-1,0.16176470588235295
merendam,0,1,-1,0.16176470588235295
merenung,1,0,1,0.17647058823529413
mersakan,0,1,-1,0.16176470588235295
merubah,1,0,1,0.17647058823529413
merugikan,3,1,2,0.18382352941176472
merujuk,5,1,4,0.19852941176470587
merusak,1,3,-2,0.15441176470588236
mesin,0,3,-3,0.14705882352941177
metabolisme,2,3,-1,0.16176470588235295
metode,0,4,-4,0.13970588235294118
metrikmetrik,1,0,1,0.17647058823529413
mewakili,0,1,-1,0.16176470588235295
mewarnai,0,1,-1,0.16176470588235295
mewujudkan,0,1,-1,0.16176470588235295
mia,0,1,-1,0.16176470588235295
mikrofon,1,0,1,0.17647058823529413
mikrometer,2,0,2,0.18382352941176472
mikroorganisme,14,3,11,0.25
mikroskop,2,0,2,0.18382352941176472
mikroskopik,1,0,1,0.17647058823529413
mikroskopis,5,0,5,0.20588235294117646
milik,1,0,1,0.17647058823529413
miliki,4,1,3,0.19117647058823528
miliknya,0,1,-1,0.16176470588235295
militer,1,0,1,0.17647058823529413
mimpi,1,1,0,0.16911764705882354
mimpiku,0,1,-1,0.16176470588235295
minat,1,1,0,0.16911764705882354
mini,1,0,1,0.17647058823529413
minimal,1,0,1,0.17647058823529413
minimum,2,0,2,0.18382352941176472
minmax,2,0,2,0.18382352941176472
minum,1,0,1,0.17647058823529413
mis,0,1,-1,0.16176470588235295
misi,0,1,-1,0.16176470588235295
missing,1,1,0,0.16911764705882354
misterius,0,1,-1,0.16176470588235295
mistis,0,1,-1,0.16176470588235295
mitos,1,0,1,0.17647058823529413
mobil,36,6,30,0.3897058823529412
mobilmobil,1,0,1,0.17647058823529413
mobilnya,4,0,4,0.19852941176470587
model,19,10,9,0.23529411764705882
modelpkl,1,0,1,0.17647058823529413
mogok,5,0,5,0.20588235294117646
moh,1,0,1,0.17647058823529413
mohammad,15,3,12,0.25735294117647056
mohon,0,1,-1,0.16176470588235295
momen,60,9,51,0.5441176470588235
momenbaik,1,0,1,0.17647058823529413
momenmomen,9,0,9,0.23529411764705882
momennya,1,0,1,0.17647058823529413
mononoke,0,1,-1,0.16176470588235295
moral,2,2,0,0.16911764705882354
moralitas,1,0,1,0.17647058823529413
mori,9,2,7,0.22058823529411764
most,0,1,-1,0.16176470588235295
motif,13,8,5,0.20588235294117646
motifmotif,1,0,1,0.17647058823529413
motifnya,2,0,2,0.18382352941176472
motivasi,2,2,0,0.16911764705882354
motor,0,1,-1,0.16176470588235295
ms,2,4,-2,0.15441176470588236
mu,0,1,-1,0.16176470588235295
mual,1,0,1,0.17647058823529413
muda,1,0,1,0.17647058823529413
mudah,6,3,3,0.19117647058823528
mudik,36,8,28,0.375
muhammad,0,1,-1,0.16176470588235295
mumpuni,0,3,-3,0.14705882352941177
muncul,17,4,13,0.2647058823529412
munculkarena,1,0,1,0.17647058823529413
munculnya,0,1,-1,0.16176470588235295
murid,0,1,-1,0.16176470588235295
musibah,1,1,0,0.16911764705882354
musik,1,0,1,0.17647058823529413
musikal,2,0,2,0.18382352941176472
muter,0,1,-1,0.16176470588235295
nababan,0,1,-1,0.16176470588235295
nada,0,1,-1,0.16176470588235295
nalar,0,1,-1,0.16176470588235295
nama,23,14,9,0.23529411764705882
nangis,0,1,-1,0.16176470588235295
nanometer,3,0,3,0.19117647058823528
nantikan,1,0,1,0.17647058823529413
naoh,10,0,10,0.2426470588235294
narasi,1,0,1,0.17647058823529413
nasi,2,0,2,0.18382352941176472
nasib,1,0,1,0.17647058823529413
nasional,1,2,-1,0.16176470588235295
naskah,2,1,1,0.17647058823529413
natrium,12,0,12,0.25735294117647056
natural,1,4,-3,0.14705882352941177
nazwa,0,1,-1,0.16176470588235295
nct,0,1,-1,0.16176470588235295
nd,0,2,-2,0.15441176470588236
negara,36,7,29,0.38235294117647056
negatif,2,0,2,0.18382352941176472
negeri,7,5,2,0.18382352941176472
negri,0,1,-1,0.16176470588235295
neighbors,1,0,1,0.17647058823529413
nelpon,0,1,-1,0.16176470588235295
nenek,1,4,-3,0.14705882352941177
netral,1,1,0,0.16911764705882354
networks,1,0,1,0.17647058823529413
neural,1,0,1,0.17647058823529413
newton,3,0,3,0.19117647058823528
ngabarin,0,1,-1,0.16176470588235295
ngakk,0,1,-1,0.16176470588235295
ngerasa,0,1,-1,0.16176470588235295
nggak,0,11,-11,0.08823529411764706
ngobrol,4,1,3,0.19117647058823528
nh,5,0,5,0.20588235294117646
nikah,0,1,-1,0.16176470588235295
nikmati,1,0,1,0.17647058823529413
nilai,6,12,-6,0.125
nilainilai,4,0,4,0.19852941176470587
ninggalin,0,1,-1,0.16176470588235295
nkri,1,0,1,0.17647058823529413
nlp,6,4,2,0.18382352941176472
no,5,1,4,0.19852941176470587
noisy,0,1,-1,0.16176470588235295
nol,0,1,-1,0.16176470588235295
nomina,20,3,17,0.29411764705882354
nonakademik,1,0,1,0.17647058823529413
nongkrong,0,1,-1,0.16176470588235295
nonlogam,0,1,-1,0.16176470588235295
nonton,0,1,-1,0.16176470588235295
nonverbal,0,1,-1,0.16176470588235295
norma,1,1,0,0.16911764705882354
normalisasi,4,0,4,0.19852941176470587
nostalgia,1,0,1,0.17647058823529413
noun,3,5,-2,0.15441176470588236
novaliendry,0,1,-1,0.16176470588235295
novel,0,1,-1,0.16176470588235295
ntt,2,0,2,0.18382352941176472
nuansa,1,0,1,0.17647058823529413
nukleat,1,0,1,0.17647058823529413
numerik,2,0,2,0.18382352941176472
nunggu,0,1,-1,0.16176470588235295
nusa,4,0,4,0.19852941176470587
nya,0,20,-20,0.022058823529411766
nyaman,2,2,0,0.16911764705882354
nyampe,0,1,-1,0.16176470588235295
nyata,1,1,0,0.16911764705882354
nyataseperti,1,0,1,0.17647058823529413
nyeletuk,0,1,-1,0.16176470588235295
obat,2,0,2,0.18382352941176472
objek,4,3,1,0.17647058823529413
objektif,1,0,1,0.17647058823529413
obligat,1,0,1,0.17647058823529413
oceania,2,0,2,0.18382352941176472
of,2,1,1,0.17647058823529413
oh,17,8,9,0.23529411764705882
oleholeh,4,1,3,0.19117647058823528
openai,1,0,1,0.17647058823529413
opini,1,0,1,0.17647058823529413
optimis,2,0,2,0.18382352941176472
optimisme,1,0,1,0.17647058823529413
orang,151,76,75,0.7205882352941176
orangnya,0,1,-1,0.16176470588235295
orangorang,23,0,23,0.3382352941176471
org,0,2,-2,0.15441176470588236
organ,1,0,1,0.17647058823529413
organisme,16,1,15,0.27941176470588236
orgsoalnya,0,1,-1,0.16176470588235295
oseania,4,0,4,0.19852941176470587
osis,0,3,-3,0.14705882352941177
osn,0,2,-2,0.15441176470588236
otak,4,4,0,0.16911764705882354
otomatis,1,0,1,0.17647058823529413
outlier,1,1,0,0.16911764705882354
outline,0,1,-1,0.16176470588235295
output,0,1,-1,0.16176470588235295
paboldan,0,1,-1,0.16176470588235295
padang,2,10,-8,0.11029411764705882
pagi,10,1,9,0.23529411764705882
paham,0,1,-1,0.16176470588235295
pahatan,0,2,-2,0.15441176470588236
pahit,18,10,8,0.22794117647058823
pahitmanis,0,1,-1,0.16176470588235295
pahlawan,5,2,3,0.19117647058823528
pakaian,3,1,2,0.18382352941176472
pake,0,1,-1,0.16176470588235295
palu,1,1,0,0.16911764705882354
paluta,0,1,-1,0.16176470588235295
panas,8,0,8,0.22794117647058823
pandan,0,2,-2,0.15441176470588236
pandang,5,0,5,0.20588235294117646
pandangan,3,0,3,0.19117647058823528
pande,0,1,-1,0.16176470588235295
pangsa,0,3,-3,0.14705882352941177
panik,3,3,0,0.16911764705882354
pantai,1,0,1,0.17647058823529413
papua,0,2,-2,0.15441176470588236
paragraf,1,0,1,0.17647058823529413
parah,1,0,1,0.17647058823529413
parameter,3,0,3,0.19117647058823528
parang,2,0,2,0.18382352941176472
parasit,3,3,0,0.16911764705882354
partikel,2,1,1,0.17647058823529413
pas,2,8,-6,0.125
pasal,0,8,-8,0.11029411764705882
pasalpasal,0,1,-1,0.16176470588235295
pasar,1,4,-3,0.14705882352941177
pasifik,23,13,10,0.2426470588235294
pasifikposisi,1,0,1,0.17647058823529413
pasipik,0,1,-1,0.16176470588235295
pass,0,1,-1,0.16176470588235295
pastinya,0,2,-2,0.15441176470588236
pasukan,0,1,-1,0.16176470588235295
patil,0,1,-1,0.16176470588235295
patung,0,2,-2,0.15441176470588236
patut,1,0,1,0.17647058823529413
payah,0,1,-1,0.16176470588235295
pecah,1,0,1,0.17647058823529413
pecinta,0,1,-1,0.16176470588235295
pedagang,1,0,1,0.17647058823529413
pedas,2,0,2,0.18382352941176472
pedasnya,1,0,1,0.17647058823529413
peduli,7,1,6,0.21323529411764705
pegangsaan,5,1,4,0.19852941176470587
pegetahuan,0,2,-2,0.15441176470588236
pekalongan,2,0,2,0.18382352941176472
pekerjaan,5,4,1,0.17647058823529413
pekerjaannya,1,0,1,0.17647058823529413
pelajar,0,1,-1,0.16176470588235295
pelajaran,9,0,9,0.23529411764705882
pelatihan,0,2,-2,0.15441176470588236
peliharaan,1,0,1,0.17647058823529413
peliharaannya,3,0,3,0.19117647058823528
peluang,3,0,3,0.19117647058823528
pemahaman,5,4,1,0.17647058823529413
pemandangan,1,0,1,0.17647058823529413
pemarah,0,1,-1,0.16176470588235295
pembaca,1,0,1,0.17647058823529413
pembacaan,3,4,-1,0.16176470588235295
pembagian,0,1,-1,0.16176470588235295
pembelahan,3,0,3,0.19117647058823528
pembelajaran,4,1,3,0.19117647058823528
pemberian,1,0,1,0.17647058823529413
pembersih,0,1,-1,0.16176470588235295
pembersihan,4,0,4,0.19852941176470587
pembuatan,7,4,3,0.19117647058823528
pembuatannya,1,1,0,0.16911764705882354
pemecahan,2,0,2,0.18382352941176472
pemerintah,0,2,-2,0.15441176470588236
pemerintahan,1,0,1,0.17647058823529413
pemikiran,3,0,3,0.19117647058823528
pemisahan,0,1,-1,0.16176470588235295
pemodelan,2,0,2,0.18382352941176472
pemrograman,1,0,1,0.17647058823529413
pemuatan,0,1,-1,0.16176470588235295
pemudik,2,1,1,0.17647058823529413
pemula,0,1,-1,0.16176470588235295
pena,0,1,-1,0.16176470588235295
penalaran,1,0,1,0.17647058823529413
penanganan,0,1,-1,0.16176470588235295
penasaran,5,0,5,0.20588235294117646
pencantolan,1,0,1,0.17647058823529413
pencapaian,23,1,22,0.33088235294117646
pencapaiannya,1,0,1,0.17647058823529413
pencar,1,0,1,0.17647058823529413
pencelupan,1,0,1,0.17647058823529413
pencernaan,4,0,4,0.19852941176470587
penculik,0,1,-1,0.16176470588235295
penculikan,0,2,-2,0.15441176470588236
pendapat,0,1,-1,0.16176470588235295
pendengar,1,0,1,0.17647058823529413
penderitaan,3,1,2,0.18382352941176472
pendeteksian,0,1,-1,0.16176470588235295
pendidik,0,1,-1,0.16176470588235295
pendidikan,2,3,-1,0.16176470588235295
pending,0,1,-1,0.16176470588235295
peneliti,1,1,0,0.16911764705882354
penelitian,0,3,-3,0.14705882352941177
penerapan,0,3,-3,0.14705882352941177
penerimaan,2,0,2,0.18382352941176472
penerus,2,0,2,0.18382352941176472
peng,0,1,-1,0.16176470588235295
pengajar,0,1,-1,0.16176470588235295
pengalaman,35,4,31,0.39705882352941174
pengambilan,2,1,1,0.17647058823529413
pengangsaan,0,1,-1,0.16176470588235295
pengaruh,1,0,1,0.17647058823529413
pengembangan,1,0,1,0.17647058823529413
pengemis,1,1,0,0.16911764705882354
pengemudi,1,0,1,0.17647058823529413
pengen,0,6,-6,0.125
pengendara,1,0,1,0.17647058823529413
pengertian,0,2,-2,0.15441176470588236
pengetahuan,10,4,6,0.21323529411764705
pengetikan,1,0,1,0.17647058823529413
penggerak,1,0,1,0.17647058823529413
pengguna,2,1,1,0.17647058823529413
penggunaan,0,3,-3,0.14705882352941177
penghapusan,1,0,1,0.17647058823529413
penghargaan,1,1,0,0.16911764705882354
penghasil,0,2,-2,0.15441176470588236
penghilangan,1,0,1,0.17647058823529413
penghormatan,1,2,-1,0.16176470588235295
pengibaran,0,1,-1,0.16176470588235295
pengobatan,0,5,-5,0.1323529411764706
pengobatannya,1,0,1,0.17647058823529413
pengolahan,1,0,1,0.17647058823529413
pengorbanan,12,0,12,0.25735294117647056
pengrajin,1,0,1,0.17647058823529413
pengubahan,0,1,-1,0.16176470588235295
penilaian,1,4,-3,0.14705882352941177
penjajahan,21,3,18,0.3014705882352941
penjelasan,5,1,4,0.19852941176470587
penjelasannya,1,0,1,0.17647058823529413
penjual,2,0,2,0.18382352941176472
pentingibunya,1,0,1,0.17647058823529413
penuh,38,5,33,0.4117647058823529
penulis,0,2,-2,0.15441176470588236
penulisan,2,0,2,0.18382352941176472
penulisannya,1,0,1,0.17647058823529413
penulisnya,1,0,1,0.17647058823529413
penumpang,1,0,1,0.17647058823529413
penyakit,15,0,15,0.27941176470588236
penyanyang,0,1,-1,0.16176470588235295
penyebab,1,0,1,0.17647058823529413
penyimpanan,0,2,-2,0.15441176470588236
perad,1,0,1,0.17647058823529413
peradaban,7,1,6,0.21323529411764705
perairan,1,0,1,0.17647058823529413
perak,3,1,2,0.18382352941176472
peran,3,0,3,0.19117647058823528
perang,2,1,1,0.17647058823529413
perasaan,120,40,80,0.7573529411764706
perasaannya,3,0,3,0.19117647058823528
perbaikan,1,0,1,0.17647058823529413
perbandingan,0,1,-1,0.16176470588235295
perbedaan,27,17,10,0.2426470588235294
perbedaannya,2,0,2,0.18382352941176472
perbuatan,3,2,1,0.17647058823529413
percakapan,12,0,12,0.25735294117647056
percaya,26,1,25,0.35294117647058826
percayai,1,0,1,0.17647058823529413
percepatan,20,8,12,0.25735294117647056
perceraian,0,1,-1,0.16176470588235295
percobaan,0,1,-1,0.16176470588235295
perdagangan,1,1,0,0.16911764705882354
perempuan,1,0,1,0.17647058823529413
pergerakan,2,0,2,0.18382352941176472
pergi,2,1,1,0.17647058823529413
perhatian,1,2,-1,0.16176470588235295
perhatikan,1,0,1,0.17647058823529413
perhiasan,1,0,1,0.17647058823529413
perhitungan,1,0,1,0.17647058823529413
perih,1,0,1,0.17647058823529413
perilaku,0,1,-1,0.16176470588235295
perimeter,0,5,-5,0.1323529411764706
perintah,1,0,1,0.17647058823529413
peristiwa,34,15,19,0.3088235294117647
perjalanan,59,3,56,0.5808823529411765
perjuangan,10,5,5,0.20588235294117646
perkembangan,3,2,1,0.17647058823529413
perkenalkan,0,1,-1,0.16176470588235295
perlakuan,0,1,-1,0.16176470588235295
perlawanan,0,3,-3,0.14705882352941177
perlombaan,0,1,-1,0.16176470588235295
permainan,0,1,-1,0.16176470588235295
permasalahan,0,1,-1,0.16176470588235295
permintaan,0,1,-1,0.16176470588235295
permukaan,1,4,-3,0.14705882352941177
perna,0,1,-1,0.16176470588235295
pernikahan,2,1,1,0.17647058823529413
perpisahan,14,3,11,0.25
perpustakaan,1,0,1,0.17647058823529413
pers,0,6,-6,0.125
persatuan,2,0,2,0.18382352941176472
persilangan,0,1,-1,0.16176470588235295
persimpangan,1,0,1,0.17647058823529413
personal,2,0,2,0.18382352941176472
perspektif,5,2,3,0.19117647058823528
pertemanan,0,1,-1,0.16176470588235295
pertempuran,0,3,-3,0.14705882352941177
pertemuan,1,1,0,0.16911764705882354
perubahan,2,1,1,0.17647058823529413
perumusan,1,1,0,0.16911764705882354
perusahaan,0,1,-1,0.16176470588235295
perwujudan,0,1,-1,0.16176470588235295
pesan,2,1,1,0.17647058823529413
pesat,1,1,0,0.16911764705882354
petani,0,1,-1,0.16176470588235295
petir,0,1,-1,0.16176470588235295
petualangan,1,0,1,0.17647058823529413
pewarna,16,4,12,0.25735294117647056
pewarnaan,5,3,2,0.18382352941176472
ph,51,26,25,0.35294117647058826
phk,0,2,-2,0.15441176470588236
piala,0,1,-1,0.16176470588235295
pie,0,1,-1,0.16176470588235295
pikir,0,1,-1,0.16176470588235295
pikiran,1,5,-4,0.13970588235294118
pikirkan,1,0,1,0.17647058823529413
piknik,1,0,1,0.17647058823529413
pilih,1,0,1,0.17647058823529413
pilihan,0,1,-1,0.16176470588235295
pindah,6,1,5,0.20588235294117646
pinggir,2,0,2,0.18382352941176472
pintar,2,1,1,0.17647058823529413
pisah,0,1,-1,0.16176470588235295
pisau,0,1,-1,0.16176470588235295
pkl,1,0,1,0.17647058823529413
plagiarisme,0,1,-1,0.16176470588235295
plastik,1,0,1,0.17647058823529413
plot,2,1,1,0.17647058823529413
pneumonia,2,0,2,0.18382352941176472
pokoknya,0,1,-1,0.16176470588235295
pola,7,5,2,0.18382352941176472
polapola,2,0,2,0.18382352941176472
politik,1,1,0,0.16911764705882354
polosnya,1,0,1,0.17647058823529413
pom,2,0,2,0.18382352941176472
populer,1,0,1,0.17647058823529413
portibi,0,1,-1,0.16176470588235295
pos,2,3,-1,0.16176470588235295
posisi,12,5,7,0.22058823529411764
positif,13,0,13,0.2647058823529412
potensi,1,0,1,0.17647058823529413
potensinya,0,1,-1,0.16176470588235295
ppdb,1,0,1,0.17647058823529413
praktikal,1,0,1,0.17647058823529413
praktis,2,0,2,0.18382352941176472
pramuka,0,1,-1,0.16176470588235295
praproses,2,2,0,0.16911764705882354
prediksi,2,0,2,0.18382352941176472
preposisi,0,1,-1,0.16176470588235295
presentasi,0,1,-1,0.16176470588235295
presisi,1,0,1,0.17647058823529413
prestasi,35,13,22,0.33088235294117646
pria,0,2,-2,0.15441176470588236
pribadi,9,0,9,0.23529411764705882
prihatin,9,4,5,0.20588235294117646
primata,0,4,-4,0.13970588235294118
prinsip,3,0,3,0.19117647058823528
probabilitas,2,0,2,0.18382352941176472
probelanda,0,1,-1,0.16176470588235295
processing,1,2,-1,0.16176470588235295
prodi,0,1,-1,0.16176470588235295
produk,0,5,-5,0.1323529411764706
produknya,0,1,-1,0.16176470588235295
profesional,1,0,1,0.17647058823529413
program,1,0,1,0.17647058823529413
proklamasi,31,21,10,0.2426470588235294
proklamator,1,0,1,0.17647058823529413
proses,24,12,12,0.25735294117647056
protein,8,0,8,0.22794117647058823
provinsi,0,1,-1,0.16176470588235295
proyek,2,0,2,0.18382352941176472
psikolog,1,0,1,0.17647058823529413
psikologi,1,0,1,0.17647058823529413
psikologisdan,0,1,-1,0.16176470588235295
puas,24,8,16,0.2867647058823529
public,0,1,-1,0.16176470588235295
pulang,6,2,4,0.19852941176470587
pulau,5,1,4,0.19852941176470587
puncak,2,0,2,0.18382352941176472
pundak,1,0,1,0.17647058823529413
purwantoro,0,1,-1,0.16176470588235295
pusat,0,6,-6,0.125
pustaka,1,0,1,0.17647058823529413
putar,0,1,-1,0.16176470588235295
putih,1,2,-1,0.16176470588235295
putra,0,2,-2,0.15441176470588236
python,2,0,2,0.18382352941176472
ragu,2,0,2,0.18382352941176472
raguragu,0,1,-1,0.16176470588235295
rah,0,1,-1,0.16176470588235295
rajin,0,2,-2,0.15441176470588236
rakyat,4,2,2,0.18382352941176472
ramah,1,1,0,0.16911764705882354
ramai,1,0,1,0.17647058823529413
rambut,1,1,0,0.16911764705882354
rangkaian,1,1,0,0.16911764705882354
rapat,1,0,1,0.17647058823529413
rapi,2,0,2,0.18382352941176472
rasakan,10,1,9,0.23529411764705882
rasional,3,1,2,0.18382352941176472
ratarata,0,1,-1,0.16176470588235295
ratusan,1,0,1,0.17647058823529413
raya,0,3,-3,0.14705882352941177
reaksi,3,2,1,0.17647058823529413
recall,1,0,1,0.17647058823529413
refleksi,3,0,3,0.19117647058823528
regresi,2,0,2,0.18382352941176472
rejeki,0,1,-1,0.16176470588235295
relasi,0,1,-1,0.16176470588235295
relevan,1,1,0,0.16911764705882354
removal,1,0,1,0.17647058823529413
rendah,1,4,-3,0.14705882352941177
rengasdengklok,1,1,0,0.16911764705882354
rentang,1,0,1,0.17647058823529413
representasi,1,0,1,0.17647058823529413
reproduksi,1,1,0,0.16911764705882354
republik,3,1,2,0.18382352941176472
resistansi,1,0,1,0.17647058823529413
resmi,5,1,4,0.19852941176470587
respirasi,0,1,-1,0.16176470588235295
responden,0,1,-1,0.16176470588235295
respons,1,0,1,0.17647058823529413
rest,3,6,-3,0.14705882352941177
revolusi,0,1,-1,0.16176470588235295
ri,0,1,-1,0.16176470588235295
ribosom,1,0,1,0.17647058823529413
ribuan,2,0,2,0.18382352941176472
rinci,0,1,-1,0.16176470588235295
ring,1,0,1,0.17647058823529413
ringan,6,0,6,0.21323529411764705
ringkasan,1,0,1,0.17647058823529413
rintang,0,2,-2,0.15441176470588236
rintangan,4,0,4,0.19852941176470587
riuh,1,0,1,0.17647058823529413
rna,7,0,7,0.22058823529411764
rocauc,1,0,1,0.17647058823529413
roh,0,1,-1,0.16176470588235295
rosita,0,1,-1,0.16176470588235295
rotan,0,2,-2,0.15441176470588236
roti,1,0,1,0.17647058823529413
ruang,13,0,13,0.2647058823529412
ruangan,26,9,17,0.29411764705882354
rumah,15,7,8,0.22794117647058823
rumit,3,1,2,0.18382352941176472
rutinitas,1,0,1,0.17647058823529413
sabar,2,0,2,0.18382352941176472
sabun,12,1,11,0.25
sadar,4,4,0,0.16911764705882354
sah,1,1,0,0.16911764705882354
sahabat,6,0,6,0.21323529411764705
sahlan,0,1,-1,0.16176470588235295
sains,1,0,1,0.17647058823529413
saking,1,0,1,0.17647058823529413
sakit,8,5,3,0.19117647058823528
salah,52,15,37,0.4411764705882353
salam,0,1,-1,0.16176470588235295
salaman,0,1,-1,0.16176470588235295
salat,1,0,1,0.17647058823529413
salim,0,1,-1,0.16176470588235295
salmonella,1,0,1,0.17647058823529413
saluran,1,0,1,0.17647058823529413
samasama,1,0,1,0.17647058823529413
sambung,0,1,-1,0.16176470588235295
sampe,0,2,-2,0.15441176470588236
samping,3,0,3,0.19117647058823528
samudera,0,7,-7,0.11764705882352941
samudra,59,30,29,0.38235294117647056
sanawiyah,0,1,-1,0.16176470588235295
sandal,3,0,3,0.19117647058823528
sanga,0,1,-1,0.16176470588235295
sangan,0,1,-1,0.16176470588235295
sangatsangat,0,2,-2,0.15441176470588236
santai,4,2,2,0.18382352941176472
santosa,0,1,-1,0.16176470588235295
sapi,2,0,2,0.18382352941176472
sapiens,9,4,5,0.20588235294117646
sapu,0,1,-1,0.16176470588235295
saraf,2,0,2,0.18382352941176472
sarana,2,0,2,0.18382352941176472
sarscov,1,0,1,0.17647058823529413
sarung,0,1,-1,0.16176470588235295
satuan,0,1,-1,0.16176470588235295
satunya,1,0,1,0.17647058823529413
saudara,1,1,0,0.16911764705882354
save,1,0,1,0.17647058823529413
sawo,0,1,-1,0.16176470588235295
sayang,0,2,-2,0.15441176470588236
sayangi,5,0,5,0.20588235294117646
sayuti,2,0,2,0.18382352941176472
scatter,2,1,1,0.17647058823529413
school,0,2,-2,0.15441176470588236
schools,0,1,-1,0.16176470588235295
score,1,0,1,0.17647058823529413
scott,0,1,-1,0.16176470588235295
seakan,1,0,1,0.17647058823529413
sebelah,4,2,2,0.18382352941176472
sebentar,1,1,0,0.16911764705882354
sebungkus,1,0,1,0.17647058823529413
secangkir,10,0,10,0.2426470588235294
sederhana,15,2,13,0.2647058823529412
sedih,45,16,29,0.38235294117647056
sedihnya,0,1,-1,0.16176470588235295
seekor,0,1,-1,0.16176470588235295
segar,1,1,0,0.16911764705882354
seharihari,14,3,11,0.25
sehat,2,5,-3,0.14705882352941177
seintens,1,0,1,0.17647058823529413
seiring,4,0,4,0.19852941176470587
sejarah,6,2,4,0.19852941176470587
sejati,5,1,4,0.19852941176470587
sekalii,0,1,-1,0.16176470588235295
sekarangsemoga,0,1,-1,0.16176470588235295
sekedar,0,2,-2,0.15441176470588236
sekeliling,1,0,1,0.17647058823529413
sekelilingku,0,1,-1,0.16176470588235295
sekeluarga,2,0,2,0.18382352941176472
sekolah,9,21,-12,0.08088235294117647
sekolahloka,0,1,-1,0.16176470588235295
sekolahmadrasah,0,1,-1,0.16176470588235295
sekolahwisuda,0,1,-1,0.16176470588235295
seksama,1,0,1,0.17647058823529413
sekumpulan,0,1,-1,0.16176470588235295
sekutu,4,3,1,0.17647058823529413
sel,47,19,28,0.375
selamat,2,0,2,0.18382352941176472
selasela,1,0,1,0.17647058823529413
selatan,4,2,2,0.18382352941176472
selendang,0,1,-1,0.16176470588235295
selesai,1,1,0,0.16911764705882354
selisih,1,0,1,0.17647058823529413
selokan,0,1,-1,0.16176470588235295
selub,1,0,1,0.17647058823529413
selubung,1,0,1,0.17647058823529413
seluler,4,0,4,0.19852941176470587
semangat,9,0,9,0.23529411764705882
semantik,0,1,-1,0.16176470588235295
sembuh,0,3,-3,0.14705882352941177
semesternya,0,1,-1,0.16176470588235295
seminar,0,1,-1,0.16176470588235295
semkga,0,1,-1,0.16176470588235295
semoga,4,1,3,0.19117647058823528
sempurna,2,1,1,0.17647058823529413
senaang,0,1,-1,0.16176470588235295
senang,17,21,-4,0.13970588235294118
senangtenang,0,1,-1,0.16176470588235295
senantiasa,1,0,1,0.17647058823529413
sendirii,0,1,-1,0.16176470588235295
seneng,0,2,-2,0.15441176470588236
seni,9,2,7,0.22058823529411764
senja,2,0,2,0.18382352941176472
senjata,1,0,1,0.17647058823529413
sensitif,1,0,1,0.17647058823529413
senyum,0,1,-1,0.16176470588235295
senyuman,1,1,0,0.16911764705882354
seolaholah,21,1,20,0.3161764705882353
sepatu,1,0,1,0.17647058823529413
sepenuhnya,3,0,3,0.19117647058823528
sepi,3,0,3,0.19117647058823528
sepupu,0,1,-1,0.16176470588235295
seragam,2,0,2,0.18382352941176472
serat,0,1,-1,0.16176470588235295
serius,2,0,2,0.18382352941176472
seru,1,2,-1,0.16176470588235295
sesak,1,0,1,0.17647058823529413
sesamanya,1,0,1,0.17647058823529413
sesering,1,0,1,0.17647058823529413
sesuai,11,3,8,0.22794117647058823
setelahnya,1,0,1,0.17647058823529413
si,2,1,1,0.17647058823529413
sia,0,2,-2,0.15441176470588236
siapasiapa,0,1,-1,0.16176470588235295
siasia,1,1,0,0.16911764705882354
sidingkat,0,2,-2,0.15441176470588236
sifat,66,52,14,0.27205882352941174
sifatatau,0,1,-1,0.16176470588235295
sifatkondisi,1,0,1,0.17647058823529413
sifatnya,0,1,-1,0.16176470588235295
signifikan,1,1,0,0.16911764705882354
sih,0,1,-1,0.16176470588235295
sikap,1,0,1,0.17647058823529413
simbol,1,1,0,0.16911764705882354
simbolsimbol,1,0,1,0.17647058823529413
simpati,37,36,1,0.17647058823529413
simpel,0,1,-1,0.16176470588235295
singkat,1,0,1,0.17647058823529413
sintaksis,0,1,-1,0.16176470588235295
sintetis,9,0,9,0.23529411764705882
sipat,0,1,-1,0.16176470588235295
sipil,0,1,-1,0.16176470588235295
sisa,0,4,-4,0.13970588235294118
sisi,31,4,27,0.36764705882352944
sistem,4,6,-2,0.15441176470588236
siswa,1,17,-16,0.051470588235294115
sitoplasma,2,0,2,0.18382352941176472
situ,1,0,1,0.17647058823529413
situasi,35,4,31,0.39705882352941174
skala,3,0,3,0.19117647058823528
sma,1,12,-11,0.08823529411764706
sman,0,2,-2,0.15441176470588236
soda,2,1,1,0.17647058823529413
soebardjo,2,0,2,0.18382352941176472
soekarno,22,12,10,0.2426470588235294
soekarnohatta,1,2,-1,0.16176470588235295
sofiana,0,1,-1,0.16176470588235295
solo,2,0,2,0.18382352941176472
solusi,5,1,4,0.19852941176470587
songket,0,2,-2,0.15441176470588236
songketmenggunakan,0,1,-1,0.16176470588235295
sontak,0,1,-1,0.16176470588235295
sosial,43,13,30,0.3897058823529412
sosoksosok,1,0,1,0.17647058823529413
spam,1,0,1,0.17647058823529413
spambukan,1,0,1,0.17647058823529413
spasial,3,0,3,0.19117647058823528
spektakuler,1,0,1,0.17647058823529413
spesies,9,6,3,0.19117647058823528
spiritual,3,0,3,0.19117647058823528
spiritualitas,0,1,-1,0.16176470588235295
standar,1,1,0,0.16911764705882354
standarisasi,0,1,-1,0.16176470588235295
start,0,3,-3,0.14705882352941177
statistik,1,1,0,0.16911764705882354
status,1,0,1,0.17647058823529413
stemming,1,0,1,0.17647058823529413
stopword,4,4,0,0.16911764705882354
strategis,4,2,2,0.18382352941176472
streptococcus,3,0,3,0.19117647058823528
struktur,25,13,12,0.25735294117647056
student,0,1,-1,0.16176470588235295
studi,0,1,-1,0.16176470588235295
studinya,1,0,1,0.17647058823529413
suara,2,1,1,0.17647058823529413
suasana,5,0,5,0.20588235294117646
suasananya,0,1,-1,0.16176470588235295
subjek,2,0,2,0.18382352941176472
subjektif,1,0,1,0.17647058823529413
sudipa,0,1,-1,0.16176470588235295
sudut,5,0,5,0.20588235294117646
suhu,1,0,1,0.17647058823529413
suka,25,12,13,0.2647058823529412
sukai,0,3,-3,0.14705882352941177
sukarela,0,1,-1,0.16176470588235295
sukses,0,1,-1,0.16176470588235295
suku,1,1,0,0.16911764705882354
sulfat,9,0,9,0.23529411764705882
sulit,6,1,5,0.20588235294117646
sumatera,1,5,-4,0.13970588235294118
sumatra,0,1,-1,0.16176470588235295
sumber,0,1,-1,0.16176470588235295
sungai,0,2,-2,0.15441176470588236
sungaiada,0,1,-1,0.16176470588235295
sungguhsungguh,1,0,1,0.17647058823529413
supir,0,1,-1,0.16176470588235295
supranatural,0,1,-1,0.16176470588235295
surat,0,1,-1,0.16176470588235295
survei,0,1,-1,0.16176470588235295
susunan,1,0,1,0.17647058823529413
susunannya,1,0,1,0.17647058823529413
sutra,12,3,9,0.23529411764705882
syukur,24,1,23,0.3382352941176471
tabel,0,2,-2,0.15441176470588236
tagging,2,1,1,0.17647058823529413
tahalak,0,1,-1,0.16176470588235295
tahap,4,1,3,0.19117647058823528
tahapan,1,2,-1,0.16176470588235295
tahunn,0,1,-1,0.16176470588235295
takbenda,1,0,1,0.17647058823529413
taman,1,1,0,0.16911764705882354
tamat,1,0,1,0.17647058823529413
tambahan,1,0,1,0.17647058823529413
tambun,0,2,-2,0.15441176470588236
tamu,0,1,-1,0.16176470588235295
tanah,0,1,-1,0.16176470588235295
tanaman,1,1,0,0.16911764705882354
tancap,1,1,0,0.16911764705882354
tanda,2,0,2,0.18382352941176472
tangan,6,2,4,0.19852941176470587
tangannya,1,0,1,0.17647058823529413
tanggal,7,5,2,0.18382352941176472
tanggapan,0,3,-3,0.14705882352941177
tanggung,5,1,4,0.19852941176470587
tantangan,22,3,19,0.3088235294117647
tas,1,2,-1,0.16176470588235295
tasnya,1,0,1,0.17647058823529413
tata,1,3,-2,0.15441176470588236
tatapi,0,1,-1,0.16176470588235295
tau,0,6,-6,0.125
tawa,17,0,17,0.29411764705882354
tb,0,1,-1,0.16176470588235295
te,1,0,1,0.17647058823529413
tebaktebakan,1,0,1,0.17647058823529413
tebal,1,0,1,0.17647058823529413
tegak,0,1,-1,0.16176470588235295
tekad,1,0,1,0.17647058823529413
teknik,15,5,10,0.2426470588235294
teknologi,18,3,15,0.27941176470588236
teks,32,37,-5,0.1323529411764706
tekstur,1,1,0,0.16911764705882354
tektonik,2,0,2,0.18382352941176472
tekun,1,0,1,0.17647058823529413
teliti,1,0,1,0.17647058823529413
tema,0,1,-1,0.16176470588235295
teman,51,15,36,0.4338235294117647
temanmu,2,0,2,0.18382352941176472
temannya,2,0,2,0.18382352941176472
temanteman,14,1,13,0.2647058823529412
temen,0,2,-2,0.15441176470588236
temenku,0,1,-1,0.16176470588235295
tementemen,0,1,-1,0.16176470588235295
tempa,1,0,1,0.17647058823529413
tempatkan,0,1,-1,0.16176470588235295
tempuh,1,0,1,0.17647058823529413
tenaga,0,2,-2,0.15441176470588236
tenang,7,3,4,0.19852941176470587
tenbarge,0,1,-1,0.16176470588235295
tenggara,16,3,13,0.2647058823529412
tenteram,1,1,0,0.16911764705882354
tentram,0,1,-1,0.16176470588235295
tenun,16,11,5,0.20588235294117646
teori,3,1,2,0.18382352941176472
tepatnya,3,0,3,0.19117647058823528
terambil,0,1,-1,0.16176470588235295
terang,1,0,1,0.17647058823529413
terangkat,3,0,3,0.19117647058823528
teratas,0,1,-1,0.16176470588235295
terbahakbahak,3,0,3,0.19117647058823528
terbaik,2,0,2,0.18382352941176472
terbangun,1,0,1,0.17647058823529413
terbatas,11,0,11,0.25
terbayar,9,2,7,0.22058823529411764
terbenam,1,0,1,0.17647058823529413
terbentuk,0,1,-1,0.16176470588235295
terbesar,4,0,4,0.19852941176470587
terbuat,1,4,-3,0.14705882352941177
terbuka,3,0,3,0.19117647058823528
terburuburu,1,0,1,0.17647058823529413
tercampur,1,0,1,0.17647058823529413
tercinta,1,0,1,0.17647058823529413
tercintaku,0,1,-1,0.16176470588235295
terciptanya,1,0,1,0.17647058823529413
terdekat,4,8,-4,0.13970588235294118
terdekatnya,2,0,2,0.18382352941176472
terdiam,1,0,1,0.17647058823529413
terduga,1,0,1,0.17647058823529413
tergantung,1,4,-3,0.14705882352941177
tergesagesa,0,1,-1,0.16176470588235295
terhambat,0,1,-1,0.16176470588235295
terharu,4,5,-1,0.16176470588235295
terhubung,1,0,1,0.17647058823529413
terimah,0,1,-1,0.16176470588235295
terinspirasi,1,0,1,0.17647058823529413
terintegrasi,0,1,-1,0.16176470588235295
terjaga,1,0,1,0.17647058823529413
terjalin,1,0,1,0.17647058823529413
terjatuh,1,0,1,0.17647058823529413
terjebak,8,0,8,0.22794117647058823
terkadang,6,1,5,0.20588235294117646
terkait,3,5,-2,0.15441176470588236
terkandung,1,1,0,0.16911764705882354
terkasih,1,0,1,0.17647058823529413
terkejut,4,0,4,0.19852941176470587
terkena,0,3,-3,0.14705882352941177
terkenal,3,0,3,0.19117647058823528
terlepas,4,1,3,0.19117647058823528
terletak,37,19,18,0.3014705882352941
terlewat,1,0,1,0.17647058823529413
terlibat,0,1,-1,0.16176470588235295
terlucu,0,1,-1,0.16176470588235295
terluka,2,0,2,0.18382352941176472
terlupakan,2,0,2,0.18382352941176472
termotivasi,0,1,-1,0.16176470588235295
terpaksa,2,0,2,0.18382352941176472
terperinci,0,1,-1,0.16176470588235295
tersandung,1,0,1,0.17647058823529413
tersayang,3,0,3,0.19117647058823528
tersebar,0,4,-4,0.13970588235294118
tersedia,0,1,-1,0.16176470588235295
tersendiri,3,0,3,0.19117647058823528
tersenyum,3,1,2,0.18382352941176472
tersisa,1,0,1,0.17647058823529413
terstruktur,1,1,0,0.16911764705882354
tertarik,3,0,3,0.19117647058823528
tertawa,14,5,9,0.23529411764705882
tertidur,2,0,2,0.18382352941176472
tertukar,1,0,1,0.17647058823529413
tertulis,1,0,1,0.17647058823529413
terukir,1,0,1,0.17647058823529413
terurai,0,4,-4,0.13970588235294118
terusmenerus,2,0,2,0.18382352941176472
tes,0,2,-2,0.15441176470588236
tesebut,0,1,-1,0.16176470588235295
tetanus,1,0,1,0.17647058823529413
tetapkan,1,0,1,0.17647058823529413
thr,0,2,-2,0.15441176470588236
tibatiba,12,1,11,0.25
tidur,7,2,5,0.20588235294117646
tikar,1,3,-2,0.15441176470588236
tim,3,0,3,0.19117647058823528
timbul,0,1,-1,0.16176470588235295
timur,13,8,5,0.20588235294117646
tindakan,28,19,9,0.23529411764705882
tinggal,2,4,-2,0.15441176470588236
tinggibaik,0,1,-1,0.16176470588235295
tinggipintardan,0,1,-1,0.16176470588235295
tingkat,2,4,-2,0.15441176470588236
tipe,1,0,1,0.17647058823529413
tipikal,0,1,-1,0.16176470588235295
tisu,0,2,-2,0.15441176470588236
titik,4,2,2,0.18382352941176472
toilet,1,2,-1,0.16176470588235295
token,2,1,1,0.17647058823529413
tokenisasi,2,2,0,0.16911764705882354
tokentoken,1,0,1,0.17647058823529413
tokohtokoh,1,0,1,0.17647058823529413
tokyo,0,1,-1,0.16176470588235295
tol,4,0,4,0.19852941176470587
tonggak,5,0,5,0.20588235294117646
tongseng,1,0,1,0.17647058823529413
topi,0,3,-3,0.14705882352941177
topik,10,1,9,0.23529411764705882
total,1,0,1,0.17647058823529413
tradisi,1,0,1,0.17647058823529413
tradisional,24,11,13,0.2647058823529412
transparansi,0,1,-1,0.16176470588235295
tren,1,2,-1,0.16176470588235295
trigreisian,0,1,-1,0.16176470588235295
trik,1,0,1,0.17647058823529413
tropis,3,0,3,0.19117647058823528
truk,2,0,2,0.18382352941176472
trus,0,4,-4,0.13970588235294118
tua,2,10,-8,0.11029411764705882
tuaku,0,1,-1,0.16176470588235295
tuamu,0,1,-1,0.16176470588235295
tuan,0,1,-1,0.16176470588235295
tuanya,4,0,4,0.19852941176470587
tuberkulosis,5,0,5,0.20588235294117646
tubuh,4,5,-1,0.16176470588235295
tugas,3,14,-11,0.08823529411764706
tuh,0,3,-3,0.14705882352941177
tujuan,12,4,8,0.22794117647058823
tujuannya,2,0,2,0.18382352941176472
tukey,0,1,-1,0.16176470588235295
tulis,0,1,-1,0.16176470588235295
tulisan,4,3,1,0.17647058823529413
tulus,1,0,1,0.17647058823529413
tumbuh,3,1,2,0.18382352941176472
tumpangi,2,0,2,0.18382352941176472
tunggal,2,6,-4,0.13970588235294118
tunggu,0,1,-1,0.16176470588235295
tuntas,1,0,1,0.17647058823529413
turun,2,2,0,0.16911764705882354
tutup,1,0,1,0.17647058823529413
uang,1,4,-3,0.14705882352941177
uangsatu,1,0,1,0.17647058823529413
uapacara,0,1,-1,0.16176470588235295
ucapan,1,1,0,0.16911764705882354
udah,1,3,-2,0.15441176470588236
udara,79,21,58,0.5955882352941176
ugm,0,1,-1,0.16176470588235295
ujian,2,1,1,0.17647058823529413
ukir,1,0,1,0.17647058823529413
ukiran,2,2,0,0.16911764705882354
ukuran,4,6,-2,0.15441176470588236
ukurannya,3,1,2,0.18382352941176472
ulang,2,3,-1,0.16176470588235295
ulasan,0,1,-1,0.16176470588235295
ulos,3,10,-7,0.11764705882352941
uma,0,2,-2,0.15441176470588236
undangundang,0,2,-2,0.15441176470588236
unesco,2,0,2,0.18382352941176472
ungkapan,1,1,0,0.16911764705882354
unik,12,7,5,0.20588235294117646
uniseluler,5,0,5,0.20588235294117646
unitunit,1,0,1,0.17647058823529413
universitas,0,1,-1,0.16176470588235295
university,0,1,-1,0.16176470588235295
untuknya,3,0,3,0.19117647058823528
upacara,4,1,3,0.19117647058823528
upaya,0,1,-1,0.16176470588235295
urutan,0,3,-3,0.14705882352941177
usaha,24,2,22,0.33088235294117646
usahain,0,1,-1,0.16176470588235295
usus,1,0,1,0.17647058823529413
utama,15,3,12,0.25735294117647056
utamanya,2,0,2,0.18382352941176472
utara,5,8,-3,0.14705882352941177
utilitas,0,1,-1,0.16176470588235295
utuh,0,1,-1,0.16176470588235295
uud,0,1,-1,0.16176470588235295
valid,1,0,1,0.17647058823529413
validasi,0,1,-1,0.16176470588235295
value,1,1,0,0.16911764705882354
variabel,1,0,1,0.17647058823529413
vektor,1,0,1,0.17647058823529413
verb,2,5,-3,0.14705882352941177
verba,20,3,17,0.29411764705882354
verbal,2,0,2,0.18382352941176472
verifikasi,0,1,-1,0.16176470588235295
versi,1,0,1,0.17647058823529413
virtual,1,0,1,0.17647058823529413
virus,74,26,48,0.5220588235294118
visi,1,0,1,0.17647058823529413
visualisasi,4,3,1,0.17647058823529413
vulkanik,1,0,1,0.17647058823529413
wahid,0,1,-1,0.16176470588235295
wajah,1,2,-1,0.16176470588235295
wajahwajah,0,1,-1,0.16176470588235295
wakil,0,1,-1,0.16176470588235295
wal,0,1,-1,0.16176470588235295
wang,0,1,-1,0.16176470588235295
wanita,0,1,-1,0.16176470588235295
warga,4,1,3,0.19117647058823528
warisan,3,0,3,0.19117647058823528
warna,6,2,4,0.19852941176470587
warnawarna,1,0,1,0.17647058823529413
warung,1,0,1,0.17647058823529413
wawasan,2,0,2,0.18382352941176472
wax,1,0,1,0.17647058823529413
wb,0,1,-1,0.16176470588235295
wibowo,0,1,-1,0.16176470588235295
widiawati,0,1,-1,0.16176470588235295
wilayah,13,8,5,0.20588235294117646
windi,1,0,1,0.17647058823529413
wiranto,0,1,-1,0.16176470588235295
wisata,0,1,-1,0.16176470588235295
wisuda,3,1,2,0.18382352941176472
words,1,0,1,0.17647058823529413
worknumerical,0,1,-1,0.16176470588235295
workor,0,2,-2,0.15441176470588236
worktukey,0,1,-1,0.16176470588235295
wr,0,1,-1,0.16176470588235295
wujud,0,1,-1,0.16176470588235295
xdi,0,1,-1,0.16176470588235295
xi,0,1,-1,0.16176470588235295
xii,0,1,-1,0.16176470588235295
xl,0,1,-1,0.16176470588235295
ya,1,4,-3,0.14705882352941177
yaa,0,2,-2,0.15441176470588236
yangdi,0,1,-1,0.16176470588235295
yangg,0,1,-1,0.16176470588235295
yatidak,1,0,1,0.17647058823529413
yg,0,9,-9,0.10294117647058823
yogurt,1,0,1,0.17647058823529413
yogyakarta,7,0,7,0.22058823529411764
yokai,0,5,-5,0.1323529411764706
zaman,0,1,-1,0.16176470588235295
zat,2,25,-23,0.0
zona,2,0,2,0.18382352941176472
